
Iterations = 2015:17000
Thinning interval = 15 
Number of chains = 3 
Sample size per chain = 1000 

1. Empirical mean and standard deviation for each variable,
   plus standard error of the mean:

                Mean        SD  Naive SE Time-series SE
Bstar[1]     0.62991  0.035431 6.469e-04      6.957e-04
Bstar[2]     0.18145  0.101235 1.848e-03      1.818e-03
Bstar[3]    -0.09789  0.105671 1.929e-03      1.930e-03
Bstar[4]     0.01936  0.003331 6.081e-05      6.083e-05
Dsum       429.79808 27.231882 4.972e-01      4.972e-01
Estar[1]    -0.04902  0.064724 1.182e-03      1.182e-03
Estar[2]     0.06583  0.085899 1.568e-03      1.569e-03
Estar[3]    -0.20971  0.104949 1.916e-03      1.922e-03
Estar[4]     0.10335  0.072821 1.330e-03      1.285e-03
Estar[5]    -0.04208  0.067916 1.240e-03      1.240e-03
Estar[6]    -0.08802  0.068614 1.253e-03      1.253e-03
Estar[7]     0.21965  0.053427 9.754e-04      9.755e-04
deltaA[1]    1.35013  1.281135 2.339e-02      2.350e-02
deltaA[2]    0.97221  1.014440 1.852e-02      1.852e-02
deltaA[3]    0.88243  0.899308 1.642e-02      1.655e-02
deltaA[4]    0.80815  0.871909 1.592e-02      1.684e-02
deltaA[5]    1.05609  1.028127 1.877e-02      1.990e-02
deviance  1013.85056  4.926335 8.994e-02      8.996e-02
sig          0.64462  0.020704 3.780e-04      3.850e-04
sig.eps      0.19070  0.079717 1.455e-03      1.456e-03
tau          2.41396  0.154220 2.816e-03      2.872e-03
tau.eps     43.90519 43.402895 7.924e-01      7.924e-01
wA[1]        0.26606  0.201360 3.676e-03      3.555e-03
wA[2]        0.18981  0.159077 2.904e-03      2.878e-03
wA[3]        0.17440  0.146860 2.681e-03      2.659e-03
wA[4]        0.15959  0.144860 2.645e-03      2.801e-03
wA[5]        0.21014  0.165087 3.014e-03      3.171e-03

2. Quantiles for each variable:

                2.5%        25%        50%        75%      97.5%
Bstar[1]   5.605e-01  6.060e-01    0.62999  6.537e-01    0.69862
Bstar[2]   1.077e-02  1.196e-01    0.17286  2.335e-01    0.42118
Bstar[3]  -3.375e-01 -1.525e-01   -0.08958 -3.038e-02    0.08972
Bstar[4]   1.286e-02  1.714e-02    0.01942  2.155e-02    0.02583
Dsum       3.798e+02  4.109e+02  428.51594  4.477e+02  486.42947
Estar[1]  -1.726e-01 -9.209e-02   -0.04896 -5.725e-03    0.08014
Estar[2]  -9.836e-02  7.382e-03    0.06455  1.225e-01    0.23394
Estar[3]  -4.240e-01 -2.785e-01   -0.20547 -1.374e-01   -0.01446
Estar[4]  -3.612e-02  5.331e-02    0.10155  1.525e-01    0.24921
Estar[5]  -1.725e-01 -8.875e-02   -0.04182  4.410e-03    0.09036
Estar[6]  -2.287e-01 -1.329e-01   -0.08715 -4.145e-02    0.03993
Estar[7]   1.121e-01  1.842e-01    0.21999  2.553e-01    0.32422
deltaA[1]  3.856e-02  4.181e-01    0.98098  1.862e+00    4.80759
deltaA[2]  2.820e-02  2.678e-01    0.64896  1.364e+00    3.66999
deltaA[3]  2.018e-02  2.413e-01    0.59882  1.217e+00    3.37877
deltaA[4]  1.398e-02  2.018e-01    0.51481  1.115e+00    3.22841
deltaA[5]  3.283e-02  3.198e-01    0.75040  1.490e+00    3.71795
deviance   1.006e+03  1.010e+03 1013.26901  1.017e+03 1025.15960
sig        6.070e-01  6.299e-01    0.64378  6.585e-01    0.68737
sig.eps    8.311e-02  1.357e-01    0.17613  2.295e-01    0.39084
tau        2.117e+00  2.306e+00    2.41284  2.520e+00    2.71381
tau.eps    6.546e+00  1.899e+01   32.23494  5.429e+01  144.75787
wA[1]      9.585e-03  9.969e-02    0.22033  3.965e-01    0.74516
wA[2]      6.552e-03  6.156e-02    0.14779  2.768e-01    0.59300
wA[3]      4.373e-03  5.845e-02    0.13456  2.580e-01    0.54558
wA[4]      3.831e-03  4.745e-02    0.11605  2.307e-01    0.52698
wA[5]      6.911e-03  7.558e-02    0.17267  3.124e-01    0.60884

