
Iterations = 2015:17000
Thinning interval = 15 
Number of chains = 3 
Sample size per chain = 1000 

1. Empirical mean and standard deviation for each variable,
   plus standard error of the mean:

                Mean       SD  Naive SE Time-series SE
Bstar[1]     0.69663  0.03470 0.0006336      0.0006337
Bstar[2]     0.17697  0.08680 0.0015848      0.0020655
Bstar[3]     0.06060  0.08790 0.0016048      0.0021217
Dsum       458.26141 28.87405 0.5271656      0.5452118
Estar[1]    -0.06158  0.06426 0.0011732      0.0011062
Estar[2]     0.08450  0.08635 0.0015765      0.0015245
Estar[3]    -0.15814  0.10067 0.0018380      0.0017480
Estar[4]     0.08483  0.07226 0.0013193      0.0012597
Estar[5]    -0.04834  0.06995 0.0012771      0.0013294
Estar[6]    -0.09228  0.06975 0.0012735      0.0011780
Estar[7]     0.19101  0.05416 0.0009889      0.0009764
deltaA[1]    1.04648  1.03525 0.0189010      0.0196883
deltaA[2]    1.05191  1.03227 0.0188466      0.0194289
deltaA[3]    0.93155  0.94057 0.0171725      0.0182173
deltaA[4]    1.05690  1.04653 0.0191069      0.0191131
deltaA[5]    0.93219  0.95637 0.0174609      0.0176465
deviance  1047.63169  4.68947 0.0856177      0.0873002
sig          0.66573  0.02073 0.0003784      0.0003783
sig.eps      0.17297  0.07454 0.0013610      0.0014241
tau          2.26286  0.14058 0.0025667      0.0025655
tau.eps     54.52118 51.78621 0.9454825      0.9673890
wA[1]        0.20987  0.17194 0.0031392      0.0033171
wA[2]        0.20898  0.16503 0.0030130      0.0030719
wA[3]        0.18662  0.15678 0.0028624      0.0029664
wA[4]        0.20933  0.16630 0.0030363      0.0029620
wA[5]        0.18520  0.15403 0.0028121      0.0028606

2. Quantiles for each variable:

                2.5%        25%        50%        75%     97.5%
Bstar[1]   6.274e-01  6.735e-01    0.69652  7.213e-01 7.632e-01
Bstar[2]   1.704e-03  1.223e-01    0.17658  2.332e-01 3.550e-01
Bstar[3]  -1.213e-01  6.408e-03    0.06280  1.155e-01 2.306e-01
Dsum       4.037e+02  4.381e+02  457.03101  4.770e+02 5.166e+02
Estar[1]  -1.889e-01 -1.034e-01   -0.06155 -1.811e-02 6.075e-02
Estar[2]  -7.502e-02  2.527e-02    0.08164  1.398e-01 2.561e-01
Estar[3]  -3.659e-01 -2.253e-01   -0.15344 -8.699e-02 2.140e-02
Estar[4]  -4.881e-02  3.443e-02    0.08355  1.329e-01 2.307e-01
Estar[5]  -1.828e-01 -9.661e-02   -0.04794 -1.698e-03 9.260e-02
Estar[6]  -2.281e-01 -1.382e-01   -0.09087 -4.539e-02 4.441e-02
Estar[7]   8.276e-02  1.550e-01    0.19129  2.270e-01 2.980e-01
deltaA[1]  2.749e-02  2.934e-01    0.73000  1.470e+00 3.794e+00
deltaA[2]  2.602e-02  3.117e-01    0.75178  1.429e+00 3.789e+00
deltaA[3]  1.949e-02  2.640e-01    0.63198  1.290e+00 3.500e+00
deltaA[4]  2.658e-02  3.123e-01    0.72328  1.455e+00 3.710e+00
deltaA[5]  2.652e-02  2.679e-01    0.64107  1.265e+00 3.593e+00
deviance   1.041e+03  1.044e+03 1046.90847  1.050e+03 1.059e+03
sig        6.271e-01  6.515e-01    0.66543  6.791e-01 7.076e-01
sig.eps    7.097e-02  1.220e-01    0.15677  2.087e-01 3.526e-01
tau        1.997e+00  2.168e+00    2.25840  2.356e+00 2.543e+00
tau.eps    8.045e+00  2.295e+01   40.68650  6.714e+01 1.985e+02
wA[1]      7.669e-03  7.188e-02    0.16491  3.088e-01 6.251e-01
wA[2]      6.368e-03  7.798e-02    0.16826  3.041e-01 6.097e-01
wA[3]      5.146e-03  6.400e-02    0.14044  2.759e-01 5.674e-01
wA[4]      6.850e-03  7.463e-02    0.17176  3.087e-01 6.181e-01
wA[5]      5.813e-03  6.431e-02    0.14708  2.685e-01 5.777e-01

