
Iterations = 2030:32000
Thinning interval = 30 
Number of chains = 3 
Sample size per chain = 1000 

1. Empirical mean and standard deviation for each variable,
   plus standard error of the mean:

               Mean       SD Naive SE Time-series SE
Bstar[1]    1.31454  0.10450 0.001908       0.001908
Bstar[2]    0.13533  0.10904 0.001991       0.001990
Bstar[3]    0.09560  0.09785 0.001786       0.001752
Bstar[4]    0.15330  0.09282 0.001695       0.001728
Bstar[5]   -0.03378  0.11662 0.002129       0.002128
Dsum      121.06375 18.80184 0.343273       0.326921
Inun[1]     0.00000  0.00000 0.000000       0.000000
Inun[2]     0.64236  0.42710 0.007798       0.007799
deltaA[1]   0.72284  0.79012 0.014426       0.013968
deltaA[2]   1.24440  1.11522 0.020361       0.020765
deltaA[3]   1.01740  0.94636 0.017278       0.017278
deviance  220.24223  4.01575 0.073317       0.073301
sig         0.82325  0.06368 0.001163       0.001228
tau         1.50167  0.22918 0.004184       0.004487
wA[1]       0.24379  0.20377 0.003720       0.003736
wA[2]       0.41493  0.24238 0.004425       0.004292
wA[3]       0.34128  0.22006 0.004018       0.003947

2. Quantiles for each variable:

                2.5%       25%       50%       75%    97.5%
Bstar[1]    1.105978   1.24661   1.31406   1.38263   1.5268
Bstar[2]   -0.084386   0.06416   0.13609   0.21012   0.3425
Bstar[3]   -0.093942   0.02803   0.09558   0.16129   0.2890
Bstar[4]   -0.031178   0.09220   0.15292   0.21675   0.3351
Bstar[5]   -0.265449  -0.11073  -0.03074   0.04267   0.1921
Dsum       88.794532 107.52936 119.68530 132.83188 161.9069
Inun[1]     0.000000   0.00000   0.00000   0.00000   0.0000
Inun[2]    -0.181841   0.35936   0.63167   0.91699   1.5407
deltaA[1]   0.014704   0.18096   0.45903   1.01677   2.8258
deltaA[2]   0.044603   0.42992   0.93228   1.73096   4.1542
deltaA[3]   0.029334   0.33265   0.75000   1.44974   3.5450
deviance  214.193009 217.24329 219.69662 222.40316 229.6256
sig         0.709690   0.77785   0.81857   0.86185   0.9614
tau         1.081913   1.34629   1.49240   1.65277   1.9855
wA[1]       0.007191   0.08331   0.18751   0.35244   0.7567
wA[2]       0.022938   0.21561   0.40966   0.60440   0.8679
wA[3]       0.015181   0.16484   0.31331   0.48920   0.8093

