
Iterations = 2030:32000
Thinning interval = 30 
Number of chains = 3 
Sample size per chain = 1000 

1. Empirical mean and standard deviation for each variable,
   plus standard error of the mean:

                Mean       SD  Naive SE Time-series SE
Bstar[1]    1.019566  0.19403 3.542e-03      4.162e-03
Bstar[2]   -0.147978  0.04281 7.817e-04      7.728e-04
Bstar[3]    0.009993  0.04092 7.471e-04      7.332e-04
Bstar[4]    0.007136  0.00120 2.192e-05      2.576e-05
Dsum      186.429790 20.35380 3.716e-01      3.785e-01
Inun[1]     0.000000  0.00000 0.000e+00      0.000e+00
Inun[2]     0.022551  0.16921 3.089e-03      3.126e-03
Inun2[1]    0.000000  0.00000 0.000e+00      0.000e+00
Inun2[2]    0.883053  0.19463 3.553e-03      3.554e-03
deltaA[1]   1.794059  1.38691 2.532e-02      2.564e-02
deltaA[2]   1.479966  1.28037 2.338e-02      2.338e-02
deltaA[3]   0.749860  0.81230 1.483e-02      1.445e-02
deltaA[4]   0.511851  0.56845 1.038e-02      1.096e-02
deltaA[5]   0.441555  0.47926 8.750e-03      8.937e-03
deviance  392.906832  4.48930 8.196e-02      8.305e-02
sig         0.716910  0.03834 7.001e-04      7.002e-04
tau         1.962238  0.20785 3.795e-03      3.795e-03
wA[1]       0.361441  0.21151 3.862e-03      3.777e-03
wA[2]       0.296985  0.20115 3.672e-03      3.731e-03
wA[3]       0.150309  0.13283 2.425e-03      2.395e-03
wA[4]       0.102712  0.09416 1.719e-03      1.870e-03
wA[5]       0.088554  0.07888 1.440e-03      1.440e-03

2. Quantiles for each variable:

                2.5%        25%        50%        75%      97.5%
Bstar[1]    0.640352   0.890752   1.024086   1.149849   1.390755
Bstar[2]   -0.229644  -0.176831  -0.149392  -0.119505  -0.061667
Bstar[3]   -0.070317  -0.017820   0.009838   0.037834   0.089153
Bstar[4]    0.004818   0.006306   0.007107   0.007968   0.009511
Dsum      150.190393 172.627859 184.862972 199.245242 230.721830
Inun[1]     0.000000   0.000000   0.000000   0.000000   0.000000
Inun[2]    -0.317313  -0.090142   0.020560   0.138685   0.355290
Inun2[1]    0.000000   0.000000   0.000000   0.000000   0.000000
Inun2[2]    0.501069   0.747848   0.887414   1.007623   1.271505
deltaA[1]   0.083975   0.742622   1.484467   2.520140   5.126382
deltaA[2]   0.057649   0.533956   1.118312   2.054315   4.933130
deltaA[3]   0.017163   0.200790   0.490489   1.008190   2.916618
deltaA[4]   0.011508   0.133961   0.333164   0.690168   2.020892
deltaA[5]   0.011250   0.121400   0.293251   0.588242   1.734554
deviance  385.955794 389.652113 392.325359 395.622195 403.419687
sig         0.647787   0.690235   0.714845   0.741146   0.799832
tau         1.563157   1.820510   1.956932   2.098970   2.383065
wA[1]       0.020139   0.188736   0.348446   0.524306   0.766443
wA[2]       0.012791   0.129629   0.267700   0.439584   0.739460
wA[3]       0.004337   0.047650   0.113880   0.216342   0.484098
wA[4]       0.002966   0.032323   0.077472   0.145085   0.349263
wA[5]       0.002505   0.029882   0.066908   0.127648   0.281116

