
Iterations = 2030:32000
Thinning interval = 30 
Number of chains = 3 
Sample size per chain = 1000 

1. Empirical mean and standard deviation for each variable,
   plus standard error of the mean:

               Mean      SD  Naive SE Time-series SE
Bstar[1]    1.24572 0.06200 0.0011320      0.0011854
Bstar[2]   -0.05525 0.04654 0.0008497      0.0008498
Bstar[3]    0.21995 0.06155 0.0011237      0.0010843
Dsum       80.64523 9.68202 0.1767688      0.1740436
Inun[1]     0.00000 0.00000 0.0000000      0.0000000
Inun[2]     0.55464 0.46808 0.0085459      0.0086865
Inun[3]     0.73037 0.47745 0.0087170      0.0087175
Inun2[1]    0.00000 0.00000 0.0000000      0.0000000
Inun2[2]    0.59673 0.36968 0.0067493      0.0066323
Inun2[3]    0.82398 0.50340 0.0091907      0.0091899
deltaA[1]   0.96784 0.98702 0.0180204      0.0176988
deltaA[2]   1.12162 1.08390 0.0197893      0.0190513
deltaA[3]   1.07048 1.02509 0.0187155      0.0191007
deltaA[4]   0.92562 0.95725 0.0174769      0.0169249
deltaA[5]   0.88617 0.89676 0.0163724      0.0182005
deviance  232.31436 4.12067 0.0752327      0.0765695
sig         0.50796 0.03008 0.0005491      0.0005493
tau         3.91637 0.46247 0.0084435      0.0084460
wA[1]       0.19271 0.15825 0.0028892      0.0028487
wA[2]       0.22663 0.17848 0.0032586      0.0031320
wA[3]       0.21771 0.17229 0.0031456      0.0031610
wA[4]       0.18441 0.15308 0.0027949      0.0027941
wA[5]       0.17854 0.14743 0.0026916      0.0026915

2. Quantiles for each variable:

                2.5%       25%       50%       75%     97.5%
Bstar[1]    1.125790   1.20307   1.24626   1.28690   1.36707
Bstar[2]   -0.148077  -0.08563  -0.05397  -0.02441   0.03604
Bstar[3]    0.093043   0.18015   0.22283   0.26130   0.33711
Dsum       63.043154  73.97979  80.25435  86.90884 101.07930
Inun[1]     0.000000   0.00000   0.00000   0.00000   0.00000
Inun[2]    -0.357153   0.24963   0.55518   0.86052   1.47493
Inun[3]    -0.192206   0.40489   0.73144   1.05644   1.65990
Inun2[1]    0.000000   0.00000   0.00000   0.00000   0.00000
Inun2[2]   -0.133202   0.35608   0.59321   0.83156   1.34227
Inun2[3]   -0.175413   0.48356   0.82996   1.16926   1.79397
deltaA[1]   0.024606   0.27668   0.64610   1.33710   3.68401
deltaA[2]   0.027116   0.33312   0.80940   1.55127   4.04408
deltaA[3]   0.026839   0.32681   0.76198   1.49966   3.80486
deltaA[4]   0.021160   0.25476   0.62308   1.28484   3.47405
deltaA[5]   0.025708   0.25974   0.59355   1.20992   3.34763
deviance  226.178825 229.26979 231.63177 234.77701 242.10215
sig         0.452694   0.48776   0.50677   0.52818   0.57176
tau         3.058962   3.58462   3.89391   4.20332   4.87967
wA[1]       0.005994   0.06691   0.15281   0.28001   0.58336
wA[2]       0.007144   0.08319   0.18722   0.33242   0.65867
wA[3]       0.006990   0.07729   0.17718   0.32096   0.62721
wA[4]       0.005642   0.06427   0.14296   0.27048   0.55350
wA[5]       0.006707   0.06143   0.13898   0.26180   0.52602

