
Iterations = 2030:32000
Thinning interval = 30 
Number of chains = 3 
Sample size per chain = 1000 

1. Empirical mean and standard deviation for each variable,
   plus standard error of the mean:

                Mean       SD  Naive SE Time-series SE
Bstar[1]    0.506591  0.04424 0.0008077      0.0008252
Bstar[2]   -0.082561  0.04250 0.0007759      0.0007748
Bstar[3]    0.197072  0.03452 0.0006302      0.0006318
Bstar[4]   -0.029275  0.03214 0.0005867      0.0005538
Bstar[5]    0.085388  0.03995 0.0007293      0.0007293
Bstar[6]    0.001244  0.03457 0.0006312      0.0006313
Bstar[7]    0.649701  0.07029 0.0012833      0.0013229
Dsum      146.457530 12.10748 0.2210513      0.2211112
deltaA[1]   0.765702  0.80529 0.0147026      0.0146976
deltaA[2]   1.071012  1.05022 0.0191744      0.0188004
deltaA[3]   1.186872  1.11970 0.0204428      0.0204456
deltaA[4]   1.004603  0.98736 0.0180267      0.0177606
deltaA[5]   0.932541  0.93610 0.0170907      0.0172848
deviance  432.212277  4.11155 0.0750662      0.0737728
sig         0.486544  0.02033 0.0003712      0.0003711
tau         4.246238  0.35128 0.0064135      0.0064120
wA[1]       0.155608  0.13692 0.0024999      0.0024997
wA[2]       0.215738  0.17042 0.0031114      0.0031110
wA[3]       0.238645  0.18016 0.0032892      0.0032901
wA[4]       0.203954  0.16845 0.0030755      0.0033233
wA[5]       0.186055  0.14845 0.0027103      0.0027110

2. Quantiles for each variable:

                2.5%       25%        50%       75%     97.5%
Bstar[1]    0.418957   0.47787   0.506788   0.53639 5.915e-01
Bstar[2]   -0.163687  -0.11147  -0.082215  -0.05373 2.162e-03
Bstar[3]    0.131990   0.17360   0.196368   0.22060 2.647e-01
Bstar[4]   -0.092809  -0.05020  -0.028941  -0.00804 3.339e-02
Bstar[5]    0.007304   0.05901   0.084820   0.11165 1.633e-01
Bstar[6]   -0.065791  -0.02302   0.001739   0.02513 6.763e-02
Bstar[7]    0.513007   0.60130   0.649151   0.69589 7.886e-01
Dsum      124.412390 137.91518 146.003345 154.11634 1.719e+02
deltaA[1]   0.017174   0.21454   0.510276   1.03798 2.957e+00
deltaA[2]   0.019437   0.31096   0.758502   1.50606 3.844e+00
deltaA[3]   0.035230   0.37701   0.844892   1.67164 4.172e+00
deltaA[4]   0.025492   0.27767   0.695743   1.41568 3.688e+00
deltaA[5]   0.028784   0.27489   0.653555   1.28711 3.379e+00
deviance  426.066802 429.25247 431.592477 434.44805 4.419e+02
sig         0.450277   0.47267   0.485487   0.49931 5.285e-01
tau         3.579992   4.01099   4.242719   4.47589 4.932e+00
wA[1]       0.004033   0.05045   0.119421   0.22455 5.059e-01
wA[2]       0.005238   0.07383   0.178065   0.32428 6.188e-01
wA[3]       0.009080   0.09119   0.200039   0.35582 6.433e-01
wA[4]       0.005683   0.07054   0.160079   0.30002 6.196e-01
wA[5]       0.006895   0.06704   0.153346   0.26875 5.538e-01

