
Iterations = 2030:32000
Thinning interval = 30 
Number of chains = 3 
Sample size per chain = 1000 

1. Empirical mean and standard deviation for each variable,
   plus standard error of the mean:

               Mean       SD  Naive SE Time-series SE
Bstar[1]    0.90563  0.04765 0.0008700      0.0009245
Bstar[2]    0.06926  0.05145 0.0009393      0.0010040
Bstar[3]    0.22089  0.04579 0.0008360      0.0008647
Bstar[4]    0.08081  0.04013 0.0007327      0.0007359
Bstar[5]    0.06963  0.04628 0.0008449      0.0008973
Dsum      224.91170 19.80621 0.3616103      0.3615889
Inun[1]     0.00000  0.00000 0.0000000      0.0000000
Inun[2]     0.04004  0.18318 0.0033443      0.0033116
deltaA[1]   0.95147  0.94378 0.0172309      0.0172298
deltaA[2]   0.95806  0.99511 0.0181681      0.0187962
deltaA[3]   1.10592  1.03016 0.0188081      0.0185665
deviance  520.54780  3.74831 0.0684344      0.0731102
sig         0.65655  0.02879 0.0005256      0.0005257
tau         2.33320  0.20367 0.0037184      0.0037195
wA[1]       0.31503  0.21739 0.0039689      0.0039701
wA[2]       0.31533  0.22135 0.0040414      0.0039537
wA[3]       0.36964  0.23158 0.0042281      0.0042292

2. Quantiles for each variable:

                2.5%       25%       50%      75%    97.5%
Bstar[1]    0.814805   0.87306   0.90603   0.9380   0.9971
Bstar[2]   -0.033114   0.03415   0.06930   0.1032   0.1693
Bstar[3]    0.130586   0.18882   0.22170   0.2519   0.3087
Bstar[4]    0.002333   0.05409   0.08040   0.1079   0.1605
Bstar[5]   -0.020422   0.03895   0.06898   0.1003   0.1625
Dsum      189.731021 211.06068 223.76471 237.4378 265.6529
Inun[1]     0.000000   0.00000   0.00000   0.0000   0.0000
Inun[2]    -0.328757  -0.07903   0.04211   0.1620   0.3888
deltaA[1]   0.023803   0.28848   0.65947   1.3436   3.4429
deltaA[2]   0.029815   0.26744   0.65258   1.3015   3.4987
deltaA[3]   0.040717   0.36210   0.81919   1.5263   3.6839
deviance  515.097569 517.75504 519.95727 522.6089 529.1526
sig         0.603695   0.63700   0.65539   0.6751   0.7169
tau         1.945460   2.19438   2.32810   2.4645   2.7439
wA[1]       0.011674   0.13741   0.27848   0.4666   0.8001
wA[2]       0.013578   0.13414   0.27498   0.4649   0.8156
wA[3]       0.017843   0.17962   0.34567   0.5394   0.8438

