
Iterations = 2030:32000
Thinning interval = 30 
Number of chains = 3 
Sample size per chain = 1000 

1. Empirical mean and standard deviation for each variable,
   plus standard error of the mean:

              Mean       SD  Naive SE Time-series SE
Bstar[1]    2.2526  0.06924 0.0012642      0.0012643
Bstar[2]   -0.1938  0.04317 0.0007882      0.0007868
Bstar[3]    0.4315  0.06448 0.0011772      0.0011598
Bstar[4]    0.0146  0.04297 0.0007844      0.0007693
Dsum      199.9575 21.22995 0.3876041      0.3816428
Inun[1]     0.0000  0.00000 0.0000000      0.0000000
Inun[2]    -0.1203  0.16591 0.0030291      0.0031697
deltaA[1]   1.5219  1.29464 0.0236367      0.0236445
deltaA[2]   1.6649  1.37557 0.0251143      0.0247357
deltaA[3]   0.8594  0.86197 0.0157374      0.0155321
deltaA[4]   0.6169  0.63852 0.0116578      0.0114762
deltaA[5]   0.3375  0.35192 0.0064251      0.0063185
deviance  406.4039  3.98937 0.0728356      0.0728579
sig         0.7460  0.03955 0.0007222      0.0007375
tau         1.8119  0.19078 0.0034832      0.0035545
wA[1]       0.3036  0.19671 0.0035914      0.0035924
wA[2]       0.3341  0.21232 0.0038763      0.0038768
wA[3]       0.1704  0.14347 0.0026194      0.0026199
wA[4]       0.1241  0.10336 0.0018871      0.0018989
wA[5]       0.0678  0.05966 0.0010892      0.0010938

2. Quantiles for each variable:

                2.5%       25%       50%       75%     97.5%
Bstar[1]    2.112979   2.20667   2.25129   2.30073   2.38888
Bstar[2]   -0.277603  -0.22365  -0.19376  -0.16468  -0.11123
Bstar[3]    0.300543   0.38866   0.43285   0.47483   0.55515
Bstar[4]   -0.069271  -0.01534   0.01490   0.04267   0.09915
Dsum      161.318670 184.89352 199.13780 213.86079 244.57322
Inun[1]     0.000000   0.00000   0.00000   0.00000   0.00000
Inun[2]    -0.448667  -0.23290  -0.12368  -0.01090   0.20364
deltaA[1]   0.060001   0.56346   1.21574   2.06475   4.83162
deltaA[2]   0.073282   0.63188   1.32896   2.32431   5.28951
deltaA[3]   0.016764   0.24159   0.59216   1.19464   3.16263
deltaA[4]   0.016757   0.18203   0.43773   0.86208   2.29978
deltaA[5]   0.007813   0.09006   0.23053   0.46003   1.26535
deviance  400.239074 403.42205 405.90928 408.70875 415.74435
sig         0.673701   0.71887   0.74502   0.77130   0.82989
tau         1.451987   1.68093   1.80163   1.93507   2.20326
wA[1]       0.014191   0.13982   0.28407   0.44042   0.70943
wA[2]       0.017748   0.15770   0.31453   0.49068   0.76499
wA[3]       0.004726   0.05899   0.13440   0.24423   0.53157
wA[4]       0.003677   0.04450   0.09731   0.17967   0.38733
wA[5]       0.001865   0.02229   0.05228   0.09516   0.22096

