
Iterations = 2030:32000
Thinning interval = 30 
Number of chains = 3 
Sample size per chain = 1000 

1. Empirical mean and standard deviation for each variable,
   plus standard error of the mean:

              Mean       SD  Naive SE Time-series SE
Bstar[1]   2.33828  0.16616 0.0030336      0.0033567
Bstar[2]  -0.07781  0.02331 0.0004255      0.0004456
Bstar[3]   0.19352  0.08550 0.0015611      0.0014946
Bstar[4]   0.43970  0.11249 0.0020538      0.0020539
Dsum      44.86728 11.23198 0.2050669      0.2051302
deltaA[1]  1.40672  1.22951 0.0224476      0.0229037
deltaA[2]  1.38513  1.20813 0.0220573      0.0220632
deltaA[3]  0.82501  0.82900 0.0151354      0.0156257
deltaA[4]  0.69972  0.73585 0.0134346      0.0138208
deltaA[5]  0.71773  0.66335 0.0121111      0.0123397
deviance  88.92983  3.67808 0.0671523      0.0659363
sig        0.76330  0.09568 0.0017468      0.0017472
tau        1.79547  0.43763 0.0079900      0.0079916
wA[1]      0.27781  0.19049 0.0034779      0.0033508
wA[2]      0.27467  0.19092 0.0034857      0.0034858
wA[3]      0.16597  0.14137 0.0025810      0.0026304
wA[4]      0.13795  0.11852 0.0021639      0.0021643
wA[5]      0.14360  0.10881 0.0019866      0.0019190

2. Quantiles for each variable:

               2.5%      25%      50%      75%    97.5%
Bstar[1]   2.007248  2.23329  2.33341  2.44689  2.66679
Bstar[2]  -0.123206 -0.09346 -0.07829 -0.06229 -0.03206
Bstar[3]   0.031204  0.13593  0.19223  0.25024  0.36331
Bstar[4]   0.218427  0.36696  0.44107  0.51348  0.65963
Dsum      26.386335 37.26707 43.46496 50.98747 70.79388
deltaA[1]  0.053877  0.48798  1.10102  1.97368  4.45790
deltaA[2]  0.052632  0.47535  1.08765  1.93381  4.39913
deltaA[3]  0.020455  0.24122  0.56889  1.13690  3.03924
deltaA[4]  0.018289  0.19125  0.47257  0.94294  2.72345
deltaA[5]  0.023757  0.23441  0.53313  0.99108  2.45427
deviance  83.607723 86.27587 88.34599 90.89194 97.64588
sig        0.604362  0.69702  0.75369  0.82227  0.97666
tau        1.048366  1.47902  1.76043  2.05832  2.73783
wA[1]      0.013105  0.11899  0.24567  0.40398  0.70443
wA[2]      0.013808  0.11314  0.24316  0.40696  0.69711
wA[3]      0.005242  0.05560  0.12712  0.23825  0.51920
wA[4]      0.004502  0.04441  0.10671  0.19937  0.44305
wA[5]      0.005720  0.05657  0.11955  0.20767  0.40389

