
Iterations = 2030:32000
Thinning interval = 30 
Number of chains = 3 
Sample size per chain = 1000 

1. Empirical mean and standard deviation for each variable,
   plus standard error of the mean:

               Mean       SD  Naive SE Time-series SE
Bstar[1]    2.23386  0.06633 0.0012110      0.0012112
Bstar[2]   -0.13920  0.04372 0.0007982      0.0008175
Bstar[3]    0.42013  0.06317 0.0011532      0.0011420
Bstar[4]    0.07637  0.05226 0.0009542      0.0009541
Bstar[5]   -0.01402  0.04316 0.0007880      0.0007880
Bstar[6]    0.04081  0.05290 0.0009658      0.0009074
Dsum      180.65650 19.31983 0.3527303      0.3626458
Inun[1]     0.00000  0.00000 0.0000000      0.0000000
Inun[2]     0.17210  0.18249 0.0033319      0.0032173
Inun2[1]    0.00000  0.00000 0.0000000      0.0000000
Inun2[2]    0.85416  0.19693 0.0035955      0.0035966
deltaA[1]   1.43688  1.23341 0.0225188      0.0220641
deltaA[2]   1.49510  1.32538 0.0241979      0.0242014
deltaA[3]   0.86480  0.90851 0.0165871      0.0170264
deltaA[4]   0.59106  0.62923 0.0114882      0.0114853
deltaA[5]   0.59538  0.60143 0.0109806      0.0109748
deviance  387.30957  4.48619 0.0819063      0.0803280
sig         0.70673  0.03812 0.0006960      0.0006962
tau         2.01961  0.21745 0.0039701      0.0040329
wA[1]       0.28814  0.19188 0.0035032      0.0035037
wA[2]       0.29754  0.19854 0.0036249      0.0036257
wA[3]       0.17471  0.15193 0.0027738      0.0029258
wA[4]       0.11935  0.10538 0.0019240      0.0019245
wA[5]       0.12026  0.09948 0.0018162      0.0017682

2. Quantiles for each variable:

                2.5%        25%       50%       75%     97.5%
Bstar[1]    2.104345   2.189475   2.23323   2.28006   2.36324
Bstar[2]   -0.224582  -0.169582  -0.13882  -0.11004  -0.05331
Bstar[3]    0.296220   0.377208   0.41980   0.46399   0.54056
Bstar[4]   -0.027060   0.039931   0.07759   0.11209   0.17846
Bstar[5]   -0.096846  -0.042905  -0.01399   0.01492   0.06862
Bstar[6]   -0.061139   0.004025   0.04009   0.07555   0.14864
Dsum      145.697659 167.209398 179.69324 193.31887 222.10945
Inun[1]     0.000000   0.000000   0.00000   0.00000   0.00000
Inun[2]    -0.180742   0.046850   0.16863   0.29707   0.52308
Inun2[1]    0.000000   0.000000   0.00000   0.00000   0.00000
Inun2[2]    0.467690   0.721289   0.84903   0.99057   1.23069
deltaA[1]   0.049058   0.508829   1.12456   1.99805   4.63580
deltaA[2]   0.050259   0.531642   1.13164   2.06632   4.93261
deltaA[3]   0.017391   0.233206   0.58137   1.17682   3.28306
deltaA[4]   0.014489   0.154610   0.39836   0.80380   2.32739
deltaA[5]   0.017027   0.184378   0.40957   0.81151   2.18742
deviance  380.323116 384.104733 386.73410 389.89325 397.86537
sig         0.635601   0.679699   0.70584   0.73101   0.78536
tau         1.621290   1.871348   2.00717   2.16455   2.47532
wA[1]       0.011558   0.128063   0.26622   0.42048   0.69401
wA[2]       0.014033   0.135175   0.26865   0.43943   0.72250
wA[3]       0.004345   0.055305   0.13265   0.25310   0.55481
wA[4]       0.003698   0.038727   0.09136   0.17093   0.39407
wA[5]       0.004435   0.043708   0.09819   0.16965   0.37156

