
Iterations = 2030:32000
Thinning interval = 30 
Number of chains = 3 
Sample size per chain = 1000 

1. Empirical mean and standard deviation for each variable,
   plus standard error of the mean:

              Mean       SD  Naive SE Time-series SE
Bstar[1]    1.0417  0.05982 0.0010922      0.0010671
Bstar[2]    0.1218  0.04701 0.0008583      0.0008523
Bstar[3]    0.3322  0.05862 0.0010703      0.0010330
Dsum      220.6335 19.31978 0.3527292      0.3500331
Inun[1]     0.0000  0.00000 0.0000000      0.0000000
Inun[2]     0.2515  0.30108 0.0054970      0.0058131
Inun2[1]    0.0000  0.00000 0.0000000      0.0000000
Inun2[2]    0.1389  0.28167 0.0051426      0.0051959
deltaA[1]   1.0937  0.98890 0.0180547      0.0180600
deltaA[2]   0.9856  0.94232 0.0172044      0.0162233
deltaA[3]   0.9500  0.88806 0.0162137      0.0162164
deviance  515.8783  3.47001 0.0633534      0.0633611
sig         0.6507  0.02889 0.0005274      0.0005371
tau         2.3760  0.21086 0.0038498      0.0039235
wA[1]       0.3608  0.21832 0.0039860      0.0039864
wA[2]       0.3249  0.21819 0.0039837      0.0039233
wA[3]       0.3143  0.20342 0.0037139      0.0036591

2. Quantiles for each variable:

               2.5%       25%      50%      75%    97.5%
Bstar[1]    0.92124   1.00288   1.0437   1.0809   1.1594
Bstar[2]    0.03312   0.09004   0.1194   0.1529   0.2177
Bstar[3]    0.21398   0.29309   0.3323   0.3709   0.4473
Dsum      184.51905 207.59817 219.5805 233.3080 260.4270
Inun[1]     0.00000   0.00000   0.0000   0.0000   0.0000
Inun[2]    -0.34261   0.04714   0.2594   0.4582   0.8394
Inun2[1]    0.00000   0.00000   0.0000   0.0000   0.0000
Inun2[2]   -0.40037  -0.04946   0.1424   0.3261   0.6782
deltaA[1]   0.04155   0.39563   0.8194   1.5019   3.7377
deltaA[2]   0.02739   0.32307   0.7100   1.3578   3.4556
deltaA[3]   0.03464   0.33603   0.6911   1.3017   3.2131
deviance  510.95569 513.36779 515.2907 517.7175 524.2045
sig         0.59617   0.63058   0.6498   0.6698   0.7095
tau         1.98642   2.22886   2.3680   2.5149   2.8136
wA[1]       0.02177   0.18354   0.3366   0.5158   0.8169
wA[2]       0.01395   0.14684   0.2881   0.4742   0.8031
wA[3]       0.01667   0.15211   0.2848   0.4457   0.7636

