
Iterations = 2030:32000
Thinning interval = 30 
Number of chains = 3 
Sample size per chain = 1000 

1. Empirical mean and standard deviation for each variable,
   plus standard error of the mean:

               Mean       SD  Naive SE Time-series SE
Bstar[1]    2.35877  0.08088 0.0014767      0.0014772
Bstar[2]   -0.12498  0.05041 0.0009203      0.0009070
Bstar[3]    0.38709  0.07837 0.0014309      0.0013660
Dsum      206.65355 22.95190 0.4190424      0.4301667
Inun[1]     0.00000  0.00000 0.0000000      0.0000000
Inun[2]     0.36775  0.24651 0.0045006      0.0041698
Inun2[1]    0.00000  0.00000 0.0000000      0.0000000
Inun2[2]    0.69525  0.26545 0.0048464      0.0048892
deltaA[1]   1.77131  1.45070 0.0264860      0.0284410
deltaA[2]   1.45770  1.31129 0.0239408      0.0239404
deltaA[3]   0.79522  0.86508 0.0157941      0.0158007
deltaA[4]   0.58615  0.63419 0.0115787      0.0119399
deltaA[5]   0.38846  0.46495 0.0084889      0.0084912
deltaB[1]   2.69532  1.66564 0.0304102      0.0304066
deltaB[2]   1.22027  1.19041 0.0217338      0.0217392
deltaB[3]   0.40657  0.44824 0.0081837      0.0081854
deltaB[4]   0.37586  0.43421 0.0079276      0.0084393
deltaB[5]   0.35137  0.39370 0.0071879      0.0071840
deviance  412.72965  5.16973 0.0943860      0.0947503
sig         0.75632  0.04064 0.0007419      0.0007309
tau         1.76328  0.18836 0.0034391      0.0033816
wA[1]       0.35564  0.21482 0.0039221      0.0041050
wA[2]       0.28881  0.20404 0.0037252      0.0036716
wA[3]       0.15922  0.14029 0.0025614      0.0025607
wA[4]       0.11854  0.11099 0.0020264      0.0020343
wA[5]       0.07779  0.07965 0.0014543      0.0016010
wB[1]       0.53295  0.21002 0.0038343      0.0037999
wB[2]       0.24170  0.19410 0.0035438      0.0034711
wB[3]       0.08184  0.07766 0.0014179      0.0016195
wB[4]       0.07376  0.07206 0.0013157      0.0013156
wB[5]       0.06975  0.06484 0.0011838      0.0011837

2. Quantiles for each variable:

                2.5%       25%       50%      75%    97.5%
Bstar[1]    2.196228   2.30417   2.35825   2.4114   2.5223
Bstar[2]   -0.220139  -0.15868  -0.12558  -0.0919  -0.0229
Bstar[3]    0.234969   0.33481   0.38890   0.4396   0.5397
Dsum      164.910490 190.60218 205.29133 221.0515 254.8254
Inun[1]     0.000000   0.00000   0.00000   0.0000   0.0000
Inun[2]    -0.112173   0.20211   0.36331   0.5339   0.8593
Inun2[1]    0.000000   0.00000   0.00000   0.0000   0.0000
Inun2[2]    0.179515   0.51925   0.69480   0.8756   1.2208
deltaA[1]   0.069628   0.72011   1.44302   2.4283   5.4854
deltaA[2]   0.041197   0.47181   1.09166   2.0831   4.9909
deltaA[3]   0.017086   0.21974   0.52244   1.0758   3.1286
deltaA[4]   0.015062   0.15672   0.36855   0.7895   2.3854
deltaA[5]   0.009189   0.09459   0.23582   0.5190   1.6203
deltaB[1]   0.260594   1.48384   2.44318   3.5609   6.8012
deltaB[2]   0.026315   0.35992   0.84593   1.7030   4.5183
deltaB[3]   0.010115   0.10687   0.26280   0.5340   1.6806
deltaB[4]   0.008156   0.09082   0.22750   0.4918   1.5794
deltaB[5]   0.008558   0.08990   0.23350   0.4738   1.4156
deviance  404.327420 408.92589 412.14915 415.8870 424.1598
sig         0.682684   0.72760   0.75494   0.7830   0.8409
tau         1.414152   1.63109   1.75460   1.8889   2.1457
wA[1]       0.018115   0.17783   0.34335   0.5195   0.7740
wA[2]       0.010840   0.11545   0.25258   0.4405   0.7254
wA[3]       0.003876   0.05256   0.12091   0.2245   0.5448
wA[4]       0.003481   0.03740   0.08653   0.1645   0.4320
wA[5]       0.002072   0.02381   0.05392   0.1067   0.2784
wB[1]       0.070878   0.39162   0.55931   0.6937   0.8671
wB[2]       0.007316   0.08786   0.18871   0.3575   0.7092
wB[3]       0.002255   0.02541   0.05837   0.1143   0.2916
wB[4]       0.001959   0.02176   0.05235   0.1030   0.2701
wB[5]       0.001705   0.02112   0.05071   0.0990   0.2337

