
Iterations = 2030:32000
Thinning interval = 30 
Number of chains = 3 
Sample size per chain = 1000 

1. Empirical mean and standard deviation for each variable,
   plus standard error of the mean:

               Mean        SD  Naive SE Time-series SE
Bstar[1]  8.975e-01  0.038323 0.0006997      0.0006998
Bstar[2]  6.574e-02  0.075792 0.0013838      0.0013611
Bstar[3]  1.552e-01  0.038946 0.0007111      0.0007107
Bstar[4]  3.218e-02  0.038555 0.0007039      0.0006823
Bstar[5]  6.922e-02  0.044987 0.0008214      0.0008188
Bstar[6]  5.785e-03  0.007734 0.0001412      0.0001437
Dsum      1.019e+02 10.441434 0.1906336      0.1755377
deltaA[1] 8.446e-01  0.885860 0.0161735      0.0159495
deltaA[2] 8.009e-01  0.871505 0.0159114      0.0159126
deltaA[3] 1.170e+00  1.129917 0.0206294      0.0219438
deltaA[4] 1.131e+00  1.110010 0.0202659      0.0202696
deltaA[5] 1.027e+00  0.981219 0.0179145      0.0178938
deviance  2.945e+02  3.947534 0.0720718      0.0699094
sig       5.037e-01  0.025507 0.0004657      0.0004658
tau       3.972e+00  0.402349 0.0073459      0.0073470
wA[1]     1.710e-01  0.147189 0.0026873      0.0028384
wA[2]     1.607e-01  0.145854 0.0026629      0.0026634
wA[3]     2.341e-01  0.180498 0.0032954      0.0032957
wA[4]     2.253e-01  0.174913 0.0031935      0.0031936
wA[5]     2.088e-01  0.161487 0.0029483      0.0029697

2. Quantiles for each variable:

                2.5%       25%       50%       75%     97.5%
Bstar[1]    0.822647 8.711e-01 8.973e-01   0.92304   0.97300
Bstar[2]   -0.080152 1.428e-02 6.486e-02   0.11743   0.21365
Bstar[3]    0.077712 1.302e-01 1.557e-01   0.18061   0.23167
Bstar[4]   -0.043900 6.530e-03 3.223e-02   0.05737   0.10988
Bstar[5]   -0.015448 3.916e-02 6.879e-02   0.09950   0.15831
Bstar[6]   -0.009178 4.573e-04 5.854e-03   0.01096   0.02079
Dsum       82.457236 9.444e+01 1.016e+02 108.60833 123.62489
deltaA[1]   0.026693 2.413e-01 5.724e-01   1.13351   3.22132
deltaA[2]   0.018166 2.057e-01 5.081e-01   1.06346   3.26349
deltaA[3]   0.035151 3.608e-01 8.237e-01   1.62958   4.17897
deltaA[4]   0.024540 3.346e-01 7.960e-01   1.56187   4.14721
deltaA[5]   0.029434 3.254e-01 7.365e-01   1.43285   3.65602
deviance  288.858459 2.917e+02 2.938e+02 296.56799 304.13252
sig         0.456548 4.860e-01 5.030e-01   0.52089   0.55580
tau         3.237129 3.686e+00 3.953e+00   4.23420   4.79764
wA[1]       0.006239 5.937e-02 1.314e-01   0.24034   0.56381
wA[2]       0.004494 4.992e-02 1.167e-01   0.23305   0.53169
wA[3]       0.008375 8.840e-02 1.926e-01   0.34158   0.66816
wA[4]       0.006463 8.358e-02 1.852e-01   0.33463   0.63059
wA[5]       0.007270 7.773e-02 1.755e-01   0.30644   0.59241

