
Iterations = 2030:32000
Thinning interval = 30 
Number of chains = 3 
Sample size per chain = 1000 

1. Empirical mean and standard deviation for each variable,
   plus standard error of the mean:

               Mean       SD  Naive SE Time-series SE
Bstar[1]    2.20840  0.06363 0.0011617      0.0011617
Bstar[2]   -0.25547  0.04297 0.0007844      0.0007843
Bstar[3]    0.41817  0.06435 0.0011749      0.0011738
Bstar[4]    0.02491  0.04212 0.0007689      0.0007690
Bstar[5]    0.06282  0.03622 0.0006613      0.0006499
Dsum      197.70188 21.40499 0.3907998      0.3948052
deltaA[1]   1.45406  1.21180 0.0221243      0.0223175
deltaA[2]   1.68419  1.33872 0.0244415      0.0244461
deltaA[3]   0.74128  0.75309 0.0137496      0.0137525
deltaA[4]   0.64152  0.63131 0.0115261      0.0115291
deltaA[5]   0.46796  0.44856 0.0081896      0.0089081
deviance  404.00757  3.86241 0.0705177      0.0705038
sig         0.73996  0.03918 0.0007154      0.0007154
tau         1.84167  0.19416 0.0035449      0.0032818
wA[1]       0.29336  0.18829 0.0034377      0.0034379
wA[2]       0.33447  0.19907 0.0036345      0.0035363
wA[3]       0.14986  0.12587 0.0022981      0.0024369
wA[4]       0.12745  0.10116 0.0018468      0.0018387
wA[5]       0.09487  0.07291 0.0013312      0.0013976

2. Quantiles for each variable:

                2.5%        25%       50%       75%    97.5%
Bstar[1]    2.083100   2.166595   2.20748   2.25079   2.3353
Bstar[2]   -0.338913  -0.284368  -0.25461  -0.22635  -0.1737
Bstar[3]    0.292560   0.376504   0.41657   0.45997   0.5486
Bstar[4]   -0.056176  -0.004557   0.02497   0.05374   0.1074
Bstar[5]   -0.007764   0.038499   0.06275   0.08584   0.1355
Dsum      159.555520 182.203371 196.83090 212.28062 241.3867
deltaA[1]   0.057122   0.552550   1.16938   2.04776   4.4969
deltaA[2]   0.072824   0.679039   1.37339   2.37549   5.0574
deltaA[3]   0.025743   0.221934   0.50410   1.00824   2.6661
deltaA[4]   0.015812   0.197357   0.45217   0.88019   2.3206
deltaA[5]   0.013972   0.151478   0.34214   0.63725   1.6799
deviance  398.297530 401.178128 403.40443 406.17017 413.0650
sig         0.665972   0.713555   0.73815   0.76517   0.8229
tau         1.476829   1.707979   1.83532   1.96402   2.2547
wA[1]       0.012205   0.136202   0.27639   0.42766   0.6855
wA[2]       0.020032   0.172232   0.31455   0.48453   0.7369
wA[3]       0.006030   0.052704   0.11505   0.21632   0.4688
wA[4]       0.003836   0.047795   0.10408   0.18356   0.3682
wA[5]       0.003412   0.035836   0.07889   0.13964   0.2728

