
Iterations = 2030:32000
Thinning interval = 30 
Number of chains = 3 
Sample size per chain = 1000 

1. Empirical mean and standard deviation for each variable,
   plus standard error of the mean:

                Mean        SD  Naive SE Time-series SE
Bstar[1]    2.258497  0.074595 1.362e-03      1.375e-03
Bstar[2]   -0.139528  0.042341 7.730e-04      7.912e-04
Bstar[3]    0.408069  0.060757 1.109e-03      1.094e-03
Bstar[4]    0.078394  0.052401 9.567e-04      9.564e-04
Bstar[5]   -0.024541  0.042408 7.743e-04      7.283e-04
Bstar[6]   -0.000724  0.001903 3.475e-05      3.475e-05
Dsum      180.786257 19.357664 3.534e-01      3.594e-01
Inun[1]     0.000000  0.000000 0.000e+00      0.000e+00
Inun[2]     0.111873  0.169863 3.101e-03      3.101e-03
Inun2[1]    0.000000  0.000000 0.000e+00      0.000e+00
Inun2[2]    0.871011  0.197420 3.604e-03      3.538e-03
deltaA[1]   1.473526  1.228785 2.243e-02      2.242e-02
deltaA[2]   1.449707  1.258114 2.297e-02      2.298e-02
deltaA[3]   0.861503  0.885120 1.616e-02      1.571e-02
deltaA[4]   0.618093  0.657188 1.200e-02      1.205e-02
deltaA[5]   0.602888  0.591250 1.079e-02      1.079e-02
deviance  387.755372  4.507485 8.230e-02      8.054e-02
sig         0.706758  0.037809 6.903e-04      6.851e-04
tau         2.019105  0.215107 3.927e-03      3.901e-03
wA[1]       0.295426  0.192648 3.517e-03      3.624e-03
wA[2]       0.288285  0.194725 3.555e-03      3.627e-03
wA[3]       0.172165  0.147334 2.690e-03      2.579e-03
wA[4]       0.123543  0.109142 1.993e-03      1.991e-03
wA[5]       0.120582  0.096262 1.757e-03      1.758e-03

2. Quantiles for each variable:

                2.5%        25%        50%        75%      97.5%
Bstar[1]    2.116086   2.207213  2.259e+00   2.308181   2.402055
Bstar[2]   -0.220976  -0.168630 -1.385e-01  -0.111823  -0.055808
Bstar[3]    0.290959   0.364753  4.083e-01   0.449912   0.526778
Bstar[4]   -0.025981   0.043469  7.874e-02   0.114648   0.179452
Bstar[5]   -0.108953  -0.052138 -2.504e-02   0.003795   0.056144
Bstar[6]   -0.004356  -0.002033 -7.078e-04   0.000547   0.003052
Dsum      145.796237 167.157540  1.797e+02 192.708185 223.427998
Inun[1]     0.000000   0.000000  0.000e+00   0.000000   0.000000
Inun[2]    -0.227493  -0.003390  1.090e-01   0.228045   0.449064
Inun2[1]    0.000000   0.000000  0.000e+00   0.000000   0.000000
Inun2[2]    0.482041   0.736465  8.681e-01   0.998743   1.265745
deltaA[1]   0.052852   0.555026  1.171e+00   2.088124   4.582165
deltaA[2]   0.053026   0.515255  1.109e+00   2.012978   4.775358
deltaA[3]   0.019913   0.236707  5.683e-01   1.184871   3.270386
deltaA[4]   0.015003   0.168480  4.147e-01   0.832236   2.409442
deltaA[5]   0.015067   0.181374  4.350e-01   0.826106   2.222283
deviance  380.598249 384.521502  3.873e+02 390.221524 398.260088
sig         0.637428   0.681113  7.055e-01   0.730952   0.786077
tau         1.618342   1.871641  2.009e+00   2.155565   2.461145
wA[1]       0.015345   0.137459  2.711e-01   0.432626   0.701497
wA[2]       0.012722   0.128338  2.580e-01   0.424051   0.716947
wA[3]       0.005996   0.057527  1.308e-01   0.248403   0.551990
wA[4]       0.003870   0.040606  9.258e-02   0.177000   0.398544
wA[5]       0.004154   0.045241  9.951e-02   0.174267   0.361009

