
Iterations = 2030:32000
Thinning interval = 30 
Number of chains = 3 
Sample size per chain = 1000 

1. Empirical mean and standard deviation for each variable,
   plus standard error of the mean:

               Mean       SD  Naive SE Time-series SE
Bstar[1]    2.35985  0.08283 0.0015122      0.0015124
Bstar[2]   -0.07656  0.09757 0.0017814      0.0023494
Bstar[3]    0.39165  0.08365 0.0015273      0.0015533
Dsum      210.51826 23.09227 0.4216052      0.4308333
Inun[1]     0.00000  0.00000 0.0000000      0.0000000
Inun[2]     0.21176  0.37967 0.0069317      0.0069327
Inun[3]     0.57431  0.33224 0.0060658      0.0060653
Inun2[1]    0.00000  0.00000 0.0000000      0.0000000
Inun2[2]    0.56590  0.34533 0.0063048      0.0063058
Inun2[3]    1.06669  0.51817 0.0094604      0.0111286
deltaA[1]   1.39814  1.30425 0.0238122      0.0238161
deltaA[2]   1.28395  1.26084 0.0230197      0.0230173
deltaA[3]   0.79461  0.84815 0.0154850      0.0151045
deltaA[4]   0.67781  0.74519 0.0136052      0.0142377
deltaA[5]   0.80250  1.20503 0.0220008      0.0285017
deviance  415.73696  4.80650 0.0877543      0.0877795
sig         0.76371  0.04114 0.0007511      0.0007513
tau         1.72936  0.18494 0.0033765      0.0033774
wA[1]       0.28578  0.21432 0.0039129      0.0042885
wA[2]       0.25873  0.20295 0.0037054      0.0039778
wA[3]       0.16142  0.14484 0.0026444      0.0026453
wA[4]       0.13646  0.12660 0.0023114      0.0023110
wA[5]       0.15762  0.19578 0.0035745      0.0049549

2. Quantiles for each variable:

                2.5%       25%       50%       75%    97.5%
Bstar[1]    2.201719   2.30217   2.36118   2.41669   2.5222
Bstar[2]   -0.218742  -0.14337  -0.09708  -0.03219   0.1583
Bstar[3]    0.230023   0.33601   0.39093   0.44579   0.5580
Dsum      168.658993 194.55847 209.39307 224.99475 258.4445
Inun[1]     0.000000   0.00000   0.00000   0.00000   0.0000
Inun[2]    -0.539495  -0.04707   0.21463   0.47229   0.9398
Inun[3]    -0.058513   0.34619   0.57526   0.79883   1.2414
Inun2[1]    0.000000   0.00000   0.00000   0.00000   0.0000
Inun2[2]   -0.101380   0.33828   0.55651   0.80436   1.2626
Inun2[3]    0.150426   0.69411   1.02344   1.39203   2.2224
deltaA[1]   0.028718   0.42367   1.04241   1.95990   4.6566
deltaA[2]   0.034713   0.37745   0.91088   1.81181   4.5836
deltaA[3]   0.017618   0.20358   0.51126   1.09340   3.1054
deltaA[4]   0.013517   0.16817   0.43058   0.91385   2.7564
deltaA[5]   0.010272   0.13354   0.35999   0.86518   4.4558
deviance  408.070569 412.30202 415.10306 418.51752 426.7774
sig         0.687423   0.73551   0.76200   0.78938   0.8530
tau         1.374292   1.60484   1.72220   1.84853   2.1162
wA[1]       0.007314   0.10202   0.24506   0.44086   0.7450
wA[2]       0.008573   0.08813   0.21432   0.38663   0.7228
wA[3]       0.004425   0.04990   0.11649   0.23541   0.5346
wA[4]       0.003257   0.04125   0.10209   0.19498   0.4817
wA[5]       0.002832   0.03276   0.07984   0.18236   0.7328

