
Iterations = 2015:17000
Thinning interval = 15 
Number of chains = 3 
Sample size per chain = 1000 

1. Empirical mean and standard deviation for each variable,
   plus standard error of the mean:

                Mean       SD  Naive SE Time-series SE
Bstar[1]     0.69660  0.03470 0.0006335      0.0006556
Bstar[2]     0.22901  0.02870 0.0005240      0.0005308
Dsum       461.70688 29.02138 0.5298555      0.4992699
Estar[1]    -0.05778  0.06478 0.0011827      0.0011698
Estar[2]     0.09029  0.08688 0.0015863      0.0015868
Estar[3]    -0.16135  0.10419 0.0019023      0.0019321
Estar[4]     0.08410  0.07187 0.0013122      0.0013339
Estar[5]    -0.05154  0.06893 0.0012586      0.0012329
Estar[6]    -0.09324  0.06933 0.0012657      0.0012661
Estar[7]     0.18953  0.05491 0.0010026      0.0010337
deltaA[1]    1.39564  1.15489 0.0210852      0.0215583
deltaA[2]    1.24389  1.13883 0.0207921      0.0217098
deltaA[3]    0.77016  0.79747 0.0145598      0.0148167
deltaA[4]    0.95699  0.89694 0.0163757      0.0163782
deltaA[5]    0.68470  0.66103 0.0120687      0.0122585
deviance  1050.69859  4.48894 0.0819565      0.0838725
sig          0.66771  0.02063 0.0003766      0.0003724
sig.eps      0.17404  0.07695 0.0014049      0.0015048
tau          2.24942  0.13885 0.0025350      0.0025036
tau.eps     54.96919 59.77025 1.0912505      1.1054734
wA[1]        0.27779  0.17940 0.0032754      0.0031460
wA[2]        0.24281  0.17519 0.0031985      0.0032815
wA[3]        0.15306  0.13065 0.0023854      0.0024341
wA[4]        0.18988  0.14444 0.0026372      0.0026377
wA[5]        0.13646  0.10864 0.0019835      0.0019840

2. Quantiles for each variable:

                2.5%        25%        50%        75%     97.5%
Bstar[1]   6.275e-01    0.67377    0.69702  7.199e-01 7.653e-01
Bstar[2]   1.730e-01    0.20914    0.22864  2.489e-01 2.843e-01
Dsum       4.046e+02  441.68646  461.48211  4.815e+02 5.205e+02
Estar[1]  -1.850e-01   -0.10113   -0.05731 -1.535e-02 6.899e-02
Estar[2]  -7.320e-02    0.03290    0.08710  1.477e-01 2.648e-01
Estar[3]  -3.780e-01   -0.22882   -0.15396 -8.618e-02 2.674e-02
Estar[4]  -4.927e-02    0.03377    0.08227  1.335e-01 2.310e-01
Estar[5]  -1.901e-01   -0.09684   -0.05075 -5.421e-03 8.263e-02
Estar[6]  -2.317e-01   -0.14013   -0.09157 -4.509e-02 3.885e-02
Estar[7]   8.396e-02    0.15176    0.18957  2.271e-01 2.967e-01
deltaA[1]  5.022e-02    0.54683    1.08975  1.945e+00 4.312e+00
deltaA[2]  3.485e-02    0.41772    0.90525  1.757e+00 4.274e+00
deltaA[3]  2.149e-02    0.20810    0.53363  1.051e+00 2.806e+00
deltaA[4]  2.684e-02    0.30200    0.69924  1.332e+00 3.382e+00
deltaA[5]  1.680e-02    0.21528    0.49545  9.344e-01 2.565e+00
deviance   1.044e+03 1047.46305 1050.01204  1.053e+03 1.061e+03
sig        6.288e-01    0.65283    0.66716  6.823e-01 7.091e-01
sig.eps    7.307e-02    0.12187    0.15961  2.065e-01 3.637e-01
tau        1.989e+00    2.14783    2.24665  2.346e+00 2.529e+00
tau.eps    7.560e+00   23.46075   39.25418  6.733e+01 1.873e+02
wA[1]      1.435e-02    0.12977    0.26074  4.049e-01 6.650e-01
wA[2]      9.145e-03    0.09951    0.21111  3.602e-01 6.318e-01
wA[3]      4.980e-03    0.05144    0.11940  2.196e-01 4.758e-01
wA[4]      6.159e-03    0.07536    0.15844  2.788e-01 5.284e-01
wA[5]      4.322e-03    0.05062    0.11221  1.972e-01 4.053e-01

