
Iterations = 2030:32000
Thinning interval = 30 
Number of chains = 3 
Sample size per chain = 1000 

1. Empirical mean and standard deviation for each variable,
   plus standard error of the mean:

               Mean       SD  Naive SE Time-series SE
Bstar[1]    2.24552  0.06614 0.0012075      0.0011858
Bstar[2]   -0.19847  0.04626 0.0008446      0.0008378
Bstar[3]    0.39535  0.06595 0.0012041      0.0012225
Dsum      196.77144 21.50432 0.3926133      0.3821671
Inun[1]     0.00000  0.00000 0.0000000      0.0000000
Inun[2]     0.19588  0.25053 0.0045740      0.0045752
Inun[3]    -0.05348  0.23352 0.0042634      0.0041654
Inun2[1]    0.00000  0.00000 0.0000000      0.0000000
Inun2[2]    0.51398  0.23123 0.0042216      0.0042936
Inun2[3]   -0.01621  0.25690 0.0046904      0.0046872
deltaA[1]   1.27946  1.14297 0.0208677      0.0204192
deltaA[2]   1.76910  1.37296 0.0250667      0.0250641
deltaA[3]   0.95145  0.93642 0.0170967      0.0171008
deltaA[4]   0.60453  0.61812 0.0112854      0.0114913
deltaA[5]   0.37782  0.39918 0.0072880      0.0070541
deviance  403.15528  4.56752 0.0833911      0.0752639
sig         0.73820  0.04008 0.0007318      0.0007426
tau         1.85121  0.19954 0.0036431      0.0037134
wA[1]       0.25569  0.18409 0.0033610      0.0034140
wA[2]       0.35524  0.21237 0.0038774      0.0038110
wA[3]       0.19111  0.15636 0.0028547      0.0029974
wA[4]       0.12291  0.10481 0.0019135      0.0018601
wA[5]       0.07505  0.06436 0.0011750      0.0011567

2. Quantiles for each variable:

                2.5%       25%       50%      75%    97.5%
Bstar[1]    2.117800   2.20112   2.24416   2.2919   2.3767
Bstar[2]   -0.285778  -0.22913  -0.19879  -0.1673  -0.1064
Bstar[3]    0.262276   0.35213   0.39542   0.4386   0.5222
Dsum      157.874133 181.71896 195.73767 210.4243 241.9082
Inun[1]     0.000000   0.00000   0.00000   0.0000   0.0000
Inun[2]    -0.310146   0.03537   0.19370   0.3669   0.6893
Inun[3]    -0.513196  -0.20515  -0.05195   0.0992   0.3913
Inun2[1]    0.000000   0.00000   0.00000   0.0000   0.0000
Inun2[2]    0.041859   0.36182   0.51552   0.6654   0.9587
Inun2[3]   -0.520381  -0.18919  -0.01654   0.1499   0.4932
deltaA[1]   0.039789   0.41909   0.98668   1.8406   4.3027
deltaA[2]   0.070003   0.70756   1.47124   2.5056   5.0623
deltaA[3]   0.027728   0.27560   0.63943   1.3457   3.4632
deltaA[4]   0.014490   0.17615   0.42808   0.8231   2.2299
deltaA[5]   0.008767   0.10395   0.25288   0.5171   1.4441
deviance  395.990400 399.89785 402.56985 405.7587 413.4395
sig         0.663737   0.71099   0.73634   0.7636   0.8222
tau         1.479119   1.71513   1.84434   1.9782   2.2699
wA[1]       0.010179   0.10154   0.22574   0.3751   0.6815
wA[2]       0.018197   0.18021   0.34260   0.5102   0.7730
wA[3]       0.007047   0.06667   0.15087   0.2785   0.5681
wA[4]       0.003467   0.04245   0.09590   0.1747   0.3841
wA[5]       0.002010   0.02566   0.05953   0.1086   0.2326

