
Iterations = 2030:32000
Thinning interval = 30 
Number of chains = 3 
Sample size per chain = 1000 

1. Empirical mean and standard deviation for each variable,
   plus standard error of the mean:

               Mean       SD  Naive SE Time-series SE
Bstar[1]    1.05908  0.05771 0.0010536      0.0010537
Bstar[2]    0.06235  0.05232 0.0009553      0.0009554
Bstar[3]    0.34833  0.05764 0.0010523      0.0010512
Dsum      218.35311 19.61418 0.3581044      0.3578090
Inun[1]     0.00000  0.00000 0.0000000      0.0000000
Inun[2]     0.30899  0.43320 0.0079090      0.0080513
Inun[3]     0.20843  0.36521 0.0066678      0.0066673
Inun2[1]    0.00000  0.00000 0.0000000      0.0000000
Inun2[2]    0.32100  0.39580 0.0072264      0.0072176
Inun2[3]   -0.31883  0.42076 0.0076820      0.0072872
deltaA[1]   0.85190  0.92116 0.0168180      0.0171186
deltaA[2]   1.07207  1.03462 0.0188894      0.0183306
deltaA[3]   1.06196  1.03448 0.0188870      0.0186722
deviance  512.96584  4.04154 0.0737881      0.0749580
sig         0.64752  0.02838 0.0005182      0.0005099
tau         2.39871  0.20909 0.0038174      0.0037615
wA[1]       0.28569  0.21333 0.0038949      0.0040487
wA[2]       0.36370  0.24081 0.0043966      0.0043980
wA[3]       0.35060  0.23588 0.0043065      0.0043065

2. Quantiles for each variable:

               2.5%       25%       50%      75%    97.5%
Bstar[1]    0.94658   1.02043   1.05876   1.0979   1.1740
Bstar[2]   -0.04101   0.02732   0.06324   0.0967   0.1621
Bstar[3]    0.23398   0.31054   0.34828   0.3850   0.4609
Dsum      182.61860 204.66931 217.02433 230.8244 259.6562
Inun[1]     0.00000   0.00000   0.00000   0.0000   0.0000
Inun[2]    -0.51677   0.02479   0.31719   0.6002   1.1852
Inun[3]    -0.51907  -0.04139   0.20713   0.4592   0.9209
Inun2[1]    0.00000   0.00000   0.00000   0.0000   0.0000
Inun2[2]   -0.42617   0.05389   0.32119   0.5836   1.1284
Inun2[3]   -1.17472  -0.58993  -0.32146  -0.0332   0.5209
deltaA[1]   0.02150   0.22899   0.56192   1.1440   3.2742
deltaA[2]   0.03634   0.32636   0.76654   1.4676   3.9075
deltaA[3]   0.02736   0.32021   0.75006   1.4692   3.7975
deviance  506.95126 510.09183 512.34042 515.2208 522.5468
sig         0.59549   0.62838   0.64620   0.6661   0.7052
tau         2.01059   2.25390   2.39477   2.5325   2.8200
wA[1]       0.01073   0.11355   0.24020   0.4149   0.7882
wA[2]       0.01671   0.15620   0.33598   0.5397   0.8563
wA[3]       0.01428   0.15271   0.31859   0.5202   0.8575

