
Iterations = 32030:62000
Thinning interval = 30 
Number of chains = 3 
Sample size per chain = 1000 

1. Empirical mean and standard deviation for each variable,
   plus standard error of the mean:

               Mean       SD  Naive SE Time-series SE
Bstar[1]    1.04884  0.05875 0.0010727      0.0011000
Bstar[2]    0.07525  0.04965 0.0009065      0.0009063
Bstar[3]    0.33847  0.05820 0.0010626      0.0010481
Dsum      217.62240 19.51118 0.3562238      0.3562903
Inun[1]     0.00000  0.00000 0.0000000      0.0000000
Inun[2]     0.29118  0.42699 0.0077957      0.0092278
Inun[3]     0.15615  0.36600 0.0066823      0.0068606
Inun2[1]    0.00000  0.00000 0.0000000      0.0000000
Inun2[2]    0.28866  0.39050 0.0071295      0.0080754
Inun2[3]   -0.41950  0.40561 0.0074054      0.0075406
deltaA[1]   1.00616  0.99106 0.0180943      0.0179001
deltaA[2]   0.81634  0.87052 0.0158935      0.0173305
deltaA[3]   1.17818  1.09256 0.0199474      0.0210024
deviance  512.07019  4.16191 0.0759857      0.0791946
sig         0.64611  0.02832 0.0005170      0.0005063
tau         2.40924  0.21131 0.0038579      0.0037855
wA[1]       0.33120  0.22383 0.0040866      0.0041510
wA[2]       0.27254  0.20773 0.0037926      0.0037934
wA[3]       0.39626  0.23991 0.0043802      0.0044011

2. Quantiles for each variable:

               2.5%       25%       50%      75%    97.5%
Bstar[1]    0.93595   1.00989   1.04740   1.0880   1.1672
Bstar[2]   -0.02144   0.04198   0.07397   0.1072   0.1769
Bstar[3]    0.22449   0.30038   0.33844   0.3771   0.4532
Dsum      181.99337 203.74076 217.04022 230.1019 257.6304
Inun[1]     0.00000   0.00000   0.00000   0.0000   0.0000
Inun[2]    -0.54800   0.00101   0.29163   0.5820   1.1358
Inun[3]    -0.55263  -0.09319   0.16667   0.4002   0.8744
Inun2[1]    0.00000   0.00000   0.00000   0.0000   0.0000
Inun2[2]   -0.48000   0.01948   0.28237   0.5586   1.0350
Inun2[3]   -1.19734  -0.70080  -0.41921  -0.1496   0.3834
deltaA[1]   0.03276   0.30043   0.70832   1.3876   3.6526
deltaA[2]   0.02101   0.21227   0.54479   1.1071   3.1489
deltaA[3]   0.03881   0.40935   0.86596   1.6266   4.0960
deviance  505.81816 509.06743 511.44641 514.4532 521.7836
sig         0.59245   0.62713   0.64492   0.6647   0.7041
tau         2.01712   2.26306   2.40431   2.5427   2.8490
wA[1]       0.01793   0.14508   0.29843   0.4966   0.8197
wA[2]       0.01109   0.10284   0.22707   0.4002   0.7573
wA[3]       0.01805   0.20070   0.37651   0.5766   0.8710

