
Iterations = 2030:32000
Thinning interval = 30 
Number of chains = 3 
Sample size per chain = 1000 

1. Empirical mean and standard deviation for each variable,
   plus standard error of the mean:

               Mean       SD  Naive SE Time-series SE
Bstar[1]    2.55848  0.24076 0.0043957      0.0068784
Bstar[2]   -0.12491  0.04690 0.0008563      0.0009352
Bstar[3]    1.10859  0.31256 0.0057065      0.0094275
Dsum      193.51202 20.76528 0.3791203      0.3792348
Inun[1]     0.00000  0.00000 0.0000000      0.0000000
Inun[2]    -0.21693  0.25139 0.0045897      0.0068462
Inun[3]     0.16098  0.42177 0.0077004      0.0093599
Inun2[1]    0.00000  0.00000 0.0000000      0.0000000
Inun2[2]   -0.70441  0.31843 0.0058136      0.0092799
Inun2[3]   -0.03927  0.41984 0.0076652      0.0103507
deltaA[1]   1.03309  0.96574 0.0176319      0.0176267
deltaA[2]   1.08300  1.04588 0.0190951      0.0190966
deltaA[3]   1.04818  1.04833 0.0191399      0.0185441
deltaA[4]   0.82790  0.89585 0.0163559      0.0161104
deviance  400.02014  4.17747 0.0762698      0.0759601
sig         0.73239  0.03962 0.0007234      0.0007232
tau         1.88058  0.20191 0.0036864      0.0036851
wA[1]       0.26224  0.19278 0.0035196      0.0035205
wA[2]       0.27353  0.20307 0.0037075      0.0037049
wA[3]       0.25839  0.19522 0.0035642      0.0035615
wA[4]       0.20584  0.16768 0.0030614      0.0030855

2. Quantiles for each variable:

                2.5%       25%       50%       75%     97.5%
Bstar[1]    2.077675   2.39496   2.56607   2.72172   3.01687
Bstar[2]   -0.211538  -0.15646  -0.12572  -0.09364  -0.03043
Bstar[3]    0.510085   0.90241   1.10510   1.31476   1.74976
Dsum      154.730657 179.07369 192.96301 207.03782 235.69331
Inun[1]     0.000000   0.00000   0.00000   0.00000   0.00000
Inun[2]    -0.687780  -0.38938  -0.22249  -0.04910   0.29990
Inun[3]    -0.661209  -0.11201   0.15542   0.44279   0.99972
Inun2[1]    0.000000   0.00000   0.00000   0.00000   0.00000
Inun2[2]   -1.349597  -0.91685  -0.70233  -0.48661  -0.09131
Inun2[3]   -0.856661  -0.31151  -0.04589   0.23992   0.80933
deltaA[1]   0.029561   0.32207   0.75260   1.43901   3.64927
deltaA[2]   0.031727   0.32658   0.76501   1.53842   3.94356
deltaA[3]   0.028323   0.30260   0.73005   1.43522   3.96820
deltaA[4]   0.018762   0.23248   0.54140   1.10544   3.28643
deviance  393.925755 396.96491 399.25330 402.36111 410.01247
sig         0.660601   0.70448   0.73041   0.75795   0.81590
tau         1.502210   1.74067   1.87441   2.01497   2.29151
wA[1]       0.009082   0.10551   0.22429   0.38859   0.70149
wA[2]       0.009797   0.10517   0.23303   0.40124   0.73613
wA[3]       0.009147   0.09778   0.21809   0.38450   0.70592
wA[4]       0.006488   0.07664   0.16651   0.29588   0.63804

