
Iterations = 2030:32000
Thinning interval = 30 
Number of chains = 3 
Sample size per chain = 1000 

1. Empirical mean and standard deviation for each variable,
   plus standard error of the mean:

               Mean       SD  Naive SE Time-series SE
Bstar[1]    2.23181  0.06131 0.0011193      0.0010864
Bstar[2]   -0.08977  0.01797 0.0003281      0.0003118
Bstar[3]    0.34587  0.05234 0.0009557      0.0010370
Bstar[4]    0.04794  0.03936 0.0007186      0.0007114
Dsum      195.26149 20.78189 0.3794236      0.3794892
deltaA[1]   1.15734  1.09415 0.0199763      0.0191900
deltaA[2]   1.64722  1.29873 0.0237115      0.0237168
deltaA[3]   0.95847  0.91701 0.0167422      0.0167476
deltaA[4]   0.72623  0.72873 0.0133047      0.0133056
deltaA[5]   0.47808  0.47752 0.0087182      0.0087122
deviance  401.93655  3.53503 0.0645406      0.0645564
sig         0.73575  0.04032 0.0007361      0.0007386
tau         1.86381  0.20195 0.0036871      0.0037072
wA[1]       0.22985  0.17342 0.0031662      0.0030516
wA[2]       0.33299  0.20142 0.0036775      0.0036786
wA[3]       0.19477  0.15482 0.0028265      0.0028275
wA[4]       0.14667  0.11867 0.0021665      0.0021669
wA[5]       0.09572  0.07733 0.0014119      0.0013324

2. Quantiles for each variable:

                2.5%       25%       50%       75%     97.5%
Bstar[1]    2.113259   2.19031   2.23288   2.27479   2.34814
Bstar[2]   -0.124693  -0.10176  -0.08965  -0.07802  -0.05518
Bstar[3]    0.243378   0.30971   0.34566   0.38159   0.45048
Bstar[4]   -0.031456   0.02133   0.04821   0.07554   0.12218
Dsum      156.545450 180.94847 194.80503 209.06459 237.07619
deltaA[1]   0.029991   0.36322   0.82968   1.63994   4.14848
deltaA[2]   0.076400   0.67456   1.36127   2.31188   4.98942
deltaA[3]   0.030012   0.29174   0.67755   1.33761   3.45756
deltaA[4]   0.018893   0.21351   0.51529   0.98506   2.68345
deltaA[5]   0.013151   0.14189   0.33386   0.65043   1.71072
deviance  396.715121 399.41504 401.38073 403.93155 410.05350
sig         0.664027   0.70734   0.73371   0.76170   0.82153
tau         1.481689   1.72360   1.85757   1.99867   2.26792
wA[1]       0.007976   0.09117   0.19386   0.33270   0.63844
wA[2]       0.016572   0.16975   0.31702   0.48205   0.74041
wA[3]       0.008163   0.07190   0.15776   0.28190   0.57991
wA[4]       0.004734   0.05212   0.11993   0.21483   0.43115
wA[5]       0.003058   0.03550   0.07965   0.13687   0.28436

