
Iterations = 2030:32000
Thinning interval = 30 
Number of chains = 3 
Sample size per chain = 1000 

1. Empirical mean and standard deviation for each variable,
   plus standard error of the mean:

               Mean      SD  Naive SE Time-series SE
Bstar[1]    1.16616 0.04812 0.0008785      0.0008787
Bstar[2]   -0.11680 0.04654 0.0008497      0.0008470
Bstar[3]    0.18666 0.04724 0.0008625      0.0008625
Dsum       78.70039 9.25477 0.1689681      0.1690203
Inun[1]     0.00000 0.00000 0.0000000      0.0000000
Inun[2]     0.08147 0.21310 0.0038907      0.0038916
Inun[3]     0.22897 0.20041 0.0036589      0.0035641
Inun2[1]    0.00000 0.00000 0.0000000      0.0000000
Inun2[2]    0.16937 0.16035 0.0029276      0.0029276
Inun2[3]    0.46041 0.24149 0.0044090      0.0044101
deltaA[1]   0.69561 0.73234 0.0133707      0.0142846
deltaA[2]   1.10360 1.05212 0.0192090      0.0180433
deltaA[3]   1.28314 1.15510 0.0210892      0.0210558
deltaA[4]   0.98384 0.99350 0.0181388      0.0181401
deltaA[5]   0.91460 0.91046 0.0166226      0.0166237
deviance  227.83892 4.14934 0.0757563      0.0757643
sig         0.50145 0.02988 0.0005455      0.0005567
tau         4.01882 0.47208 0.0086189      0.0088910
wA[1]       0.14078 0.12587 0.0022981      0.0024113
wA[2]       0.22031 0.17166 0.0031341      0.0029323
wA[3]       0.25902 0.18593 0.0033945      0.0034322
wA[4]       0.19674 0.16152 0.0029489      0.0030337
wA[5]       0.18316 0.14561 0.0026584      0.0026589

2. Quantiles for each variable:

                2.5%       25%       50%       75%     97.5%
Bstar[1]    1.069821   1.13376   1.16618   1.19823   1.26055
Bstar[2]   -0.207382  -0.14892  -0.11644  -0.08487  -0.02599
Bstar[3]    0.092206   0.15531   0.18639   0.21718   0.27855
Dsum       61.859883  72.33079  78.30491  84.54749  98.01669
Inun[1]     0.000000   0.00000   0.00000   0.00000   0.00000
Inun[2]    -0.351786  -0.06147   0.08418   0.22682   0.49556
Inun[3]    -0.167222   0.09132   0.23111   0.36444   0.61804
Inun2[1]    0.000000   0.00000   0.00000   0.00000   0.00000
Inun2[2]   -0.143333   0.06149   0.16979   0.27218   0.49138
Inun2[3]   -0.005852   0.29525   0.46151   0.62632   0.92094
deltaA[1]   0.017304   0.18615   0.47283   0.95516   2.75494
deltaA[2]   0.025648   0.32864   0.78478   1.55788   3.83934
deltaA[3]   0.052251   0.42935   0.96179   1.80143   4.30342
deltaA[4]   0.027303   0.27785   0.68938   1.34670   3.74835
deltaA[5]   0.031278   0.28462   0.65942   1.23884   3.30681
deviance  221.483350 224.90809 227.24547 230.11937 237.30803
sig         0.448734   0.48036   0.49888   0.52103   0.56348
tau         3.149477   3.68364   4.01804   4.33371   4.96618
wA[1]       0.004817   0.04429   0.10489   0.20338   0.46115
wA[2]       0.006385   0.07932   0.18141   0.32748   0.62037
wA[3]       0.012300   0.10557   0.22515   0.38330   0.68305
wA[4]       0.006426   0.06814   0.15550   0.28733   0.59696
wA[5]       0.007522   0.06769   0.15148   0.26652   0.55069

