
Iterations = 2030:32000
Thinning interval = 30 
Number of chains = 3 
Sample size per chain = 1000 

1. Empirical mean and standard deviation for each variable,
   plus standard error of the mean:

               Mean       SD  Naive SE Time-series SE
Bstar[1]    2.35724  0.08150 0.0014880      0.0015225
Bstar[2]   -0.12295  0.05049 0.0009219      0.0009221
Bstar[3]    0.39524  0.08268 0.0015096      0.0015095
Dsum      208.84051 22.84867 0.4171577      0.4254898
Inun[1]     0.00000  0.00000 0.0000000      0.0000000
Inun[2]     0.42580  0.25642 0.0046816      0.0045916
Inun2[1]    0.00000  0.00000 0.0000000      0.0000000
Inun2[2]    0.70428  0.26979 0.0049256      0.0047372
deltaA[1]   1.71301  1.43283 0.0261597      0.0261675
deltaA[2]   1.47698  1.29879 0.0237126      0.0234881
deltaA[3]   0.83191  0.86886 0.0158631      0.0167619
deltaA[4]   0.59320  0.66370 0.0121174      0.0124755
deltaA[5]   0.41625  0.52263 0.0095419      0.0099028
deviance  413.95404  4.24728 0.0775444      0.0769495
sig         0.76067  0.04200 0.0007667      0.0007561
tau         1.74403  0.19157 0.0034977      0.0034373
wA[1]       0.34085  0.21378 0.0039030      0.0038816
wA[2]       0.29423  0.20365 0.0037181      0.0037184
wA[3]       0.16612  0.14343 0.0026187      0.0026655
wA[4]       0.11792  0.11090 0.0020248      0.0020252
wA[5]       0.08089  0.08139 0.0014860      0.0014655

2. Quantiles for each variable:

                2.5%       25%       50%       75%     97.5%
Bstar[1]    2.193372   2.30412   2.35790   2.41177   2.51876
Bstar[2]   -0.219693  -0.15734  -0.12256  -0.08897  -0.02153
Bstar[3]    0.231348   0.34002   0.39404   0.44965   0.55887
Dsum      168.162767 192.25903 207.87826 223.15493 257.35852
Inun[1]     0.000000   0.00000   0.00000   0.00000   0.00000
Inun[2]    -0.069654   0.25067   0.42426   0.59950   0.92133
Inun2[1]    0.000000   0.00000   0.00000   0.00000   0.00000
Inun2[2]    0.192959   0.52304   0.69942   0.88135   1.23115
deltaA[1]   0.058903   0.64153   1.34410   2.40110   5.30412
deltaA[2]   0.044596   0.51079   1.13136   2.07789   4.74297
deltaA[3]   0.022257   0.23077   0.56383   1.12595   3.17733
deltaA[4]   0.015434   0.15280   0.37640   0.79427   2.41719
deltaA[5]   0.009403   0.09791   0.25402   0.53119   1.78906
deviance  407.081744 410.86625 413.44302 416.48841 423.38624
sig         0.684035   0.73098   0.75900   0.78907   0.84734
tau         1.392800   1.60608   1.73586   1.87151   2.13719
wA[1]       0.015115   0.15718   0.32507   0.50104   0.76612
wA[2]       0.010418   0.12192   0.25973   0.44018   0.73403
wA[3]       0.006294   0.05544   0.12518   0.23963   0.52894
wA[4]       0.003664   0.03625   0.08532   0.16676   0.40412
wA[5]       0.002608   0.02371   0.05699   0.11252   0.29264

