
Iterations = 2030:32000
Thinning interval = 30 
Number of chains = 3 
Sample size per chain = 1000 

1. Empirical mean and standard deviation for each variable,
   plus standard error of the mean:

               Mean       SD  Naive SE Time-series SE
Bstar[1]    0.90752  0.04782 0.0008731      0.0008598
Bstar[2]    0.03087  0.05766 0.0010527      0.0010526
Bstar[3]    0.23487  0.04732 0.0008640      0.0009091
Dsum      225.60376 19.86237 0.3626357      0.3689341
Inun[1]     0.00000  0.00000 0.0000000      0.0000000
Inun[2]     0.11927  0.26948 0.0049200      0.0049199
Inun[3]     0.49458  0.22638 0.0041331      0.0041336
Inun2[1]    0.00000  0.00000 0.0000000      0.0000000
Inun2[2]    0.03959  0.19952 0.0036427      0.0035921
Inun2[3]   -0.24842  0.20769 0.0037919      0.0036714
deltaA[1]   0.99101  0.98599 0.0180017      0.0180314
deltaA[2]   0.89434  0.91694 0.0167409      0.0167407
deltaA[3]   1.12692  1.09781 0.0200432      0.0205616
deviance  521.98478  3.93223 0.0717924      0.0745087
sig         0.65809  0.02834 0.0005174      0.0005175
tau         2.32189  0.20048 0.0036603      0.0036613
wA[1]       0.33046  0.23269 0.0042483      0.0042475
wA[2]       0.29901  0.22135 0.0040414      0.0040755
wA[3]       0.37053  0.24670 0.0045041      0.0045042

2. Quantiles for each variable:

               2.5%        25%       50%       75%    97.5%
Bstar[1]    0.81313   0.876137   0.90811   0.93913   1.0022
Bstar[2]   -0.08607  -0.006018   0.03314   0.07094   0.1393
Bstar[3]    0.14218   0.202787   0.23570   0.26573   0.3304
Dsum      190.09190 211.677208 224.51407 238.24671 268.3922
Inun[1]     0.00000   0.000000   0.00000   0.00000   0.0000
Inun[2]    -0.38681  -0.068543   0.11604   0.30496   0.6540
Inun[3]     0.06724   0.339525   0.48836   0.64072   0.9550
Inun2[1]    0.00000   0.000000   0.00000   0.00000   0.0000
Inun2[2]   -0.35478  -0.096465   0.03841   0.17379   0.4355
Inun2[3]   -0.64633  -0.392139  -0.24869  -0.10912   0.1651
deltaA[1]   0.03245   0.286365   0.68992   1.38209   3.6606
deltaA[2]   0.02397   0.249305   0.61103   1.23444   3.3990
deltaA[3]   0.02823   0.342221   0.79929   1.54315   4.0428
deviance  516.20589 519.038616 521.39714 524.20545 530.9692
sig         0.60242   0.638711   0.65763   0.67683   0.7174
tau         1.94317   2.182949   2.31227   2.45127   2.7555
wA[1]       0.01525   0.132779   0.29397   0.49219   0.8327
wA[2]       0.01072   0.117797   0.25125   0.44498   0.8109
wA[3]       0.01516   0.161284   0.33462   0.56588   0.8684

