
Iterations = 2030:32000
Thinning interval = 30 
Number of chains = 3 
Sample size per chain = 1000 

1. Empirical mean and standard deviation for each variable,
   plus standard error of the mean:

                Mean       SD  Naive SE Time-series SE
Bstar[1]     1.05919  0.05823 0.0010632      0.0010630
Bstar[2]     0.07488  0.06222 0.0011359      0.0011418
Bstar[3]     0.32518  0.05636 0.0010290      0.0010014
Bstar[4]    -0.12578  0.07875 0.0014378      0.0014608
Dsum       217.44739 19.52724 0.3565170      0.3564642
deltaA[1]    0.87451  0.83334 0.0152146      0.0152166
deltaA[2]    1.31434  1.15544 0.0210954      0.0201426
deltaA[3]    1.38475  1.18021 0.0215477      0.0217808
deltaA[4]    1.11437  1.04032 0.0189935      0.0189987
deltaA[5]    0.85840  0.85876 0.0156788      0.0154369
deltaA[6]    0.76614  0.73684 0.0134529      0.0135095
deltaA[7]    0.85553  0.82992 0.0151521      0.0152998
deltaA[8]    0.96012  0.92937 0.0169678      0.0173469
deltaA[9]    0.94569  0.92842 0.0169505      0.0173884
deltaA[10]   0.89456  0.85615 0.0156311      0.0153994
deviance   513.12088  3.37726 0.0616600      0.0616571
sig          0.64618  0.02879 0.0005257      0.0004966
tau          2.40914  0.21325 0.0038935      0.0036806
wA[1]        0.08763  0.07453 0.0013607      0.0013604
wA[2]        0.13124  0.10335 0.0018870      0.0018273
wA[3]        0.13907  0.10594 0.0019342      0.0019557
wA[4]        0.11199  0.09461 0.0017273      0.0017426
wA[5]        0.08594  0.07856 0.0014343      0.0014582
wA[6]        0.07751  0.06875 0.0012551      0.0012557
wA[7]        0.08688  0.07786 0.0014216      0.0014215
wA[8]        0.09571  0.08312 0.0015175      0.0015165
wA[9]        0.09417  0.08144 0.0014870      0.0015634
wA[10]       0.08985  0.07652 0.0013971      0.0014123

2. Quantiles for each variable:

                 2.5%       25%       50%       75%     97.5%
Bstar[1]     0.945026   1.02044   1.05960   1.10010   1.17359
Bstar[2]    -0.048130   0.03313   0.07496   0.11627   0.19780
Bstar[3]     0.215938   0.28698   0.32579   0.36320   0.43430
Bstar[4]    -0.285188  -0.17704  -0.12552  -0.07385   0.02203
Dsum       181.216244 203.67881 217.12075 230.08502 256.52201
deltaA[1]    0.023046   0.27513   0.63283   1.21202   3.14549
deltaA[2]    0.034948   0.43528   1.00416   1.88849   4.19729
deltaA[3]    0.045066   0.49465   1.09389   1.95051   4.38347
deltaA[4]    0.033573   0.34190   0.81420   1.56854   3.86575
deltaA[5]    0.023987   0.24530   0.59737   1.18476   3.10403
deltaA[6]    0.020768   0.22314   0.53471   1.09469   2.73219
deltaA[7]    0.026427   0.24863   0.60808   1.19603   3.04207
deltaA[8]    0.023049   0.28417   0.68724   1.34160   3.56205
deltaA[9]    0.027241   0.28101   0.66702   1.32584   3.40348
deltaA[10]   0.029028   0.26938   0.63545   1.24578   3.04837
deviance   508.300668 510.60867 512.49086 514.93564 521.27770
sig          0.593920   0.62580   0.64496   0.66488   0.70650
tau          2.003451   2.26210   2.40400   2.55348   2.83494
wA[1]        0.002565   0.03069   0.06764   0.12618   0.27226
wA[2]        0.003847   0.04793   0.10944   0.18858   0.37880
wA[3]        0.005227   0.05430   0.11687   0.20440   0.38975
wA[4]        0.003851   0.03753   0.08767   0.16235   0.34653
wA[5]        0.002543   0.02669   0.06335   0.12111   0.29170
wA[6]        0.002239   0.02447   0.05772   0.11349   0.25008
wA[7]        0.002949   0.02821   0.06498   0.12394   0.28720
wA[8]        0.002695   0.03138   0.07346   0.13810   0.30228
wA[9]        0.003145   0.03139   0.07225   0.13564   0.31339
wA[10]       0.003404   0.03047   0.06875   0.13012   0.28341

