
Iterations = 2015:17000
Thinning interval = 15 
Number of chains = 3 
Sample size per chain = 1000 

1. Empirical mean and standard deviation for each variable,
   plus standard error of the mean:

                Mean        SD  Naive SE Time-series SE
Bstar[1]    1.492897 8.985e-02 1.640e-03      1.679e-03
Bstar[2]   -0.262869 4.443e-02 8.113e-04      8.406e-04
Bstar[3]    0.002352 4.097e-04 7.480e-06      7.949e-06
Bstar[4]    0.013173 4.821e-03 8.802e-05      9.361e-05
Dsum      453.933094 3.498e+01 6.387e-01      6.170e-01
deltaA[1]   2.118007 1.469e+00 2.681e-02      2.766e-02
deltaA[2]   1.410982 1.221e+00 2.229e-02      2.138e-02
deltaA[3]   0.604259 6.400e-01 1.168e-02      1.263e-02
deltaA[4]   0.522795 5.592e-01 1.021e-02      1.039e-02
deltaA[5]   0.327372 3.310e-01 6.043e-03      6.168e-03
deviance  846.783794 3.913e+00 7.145e-02      7.146e-02
sig         0.800870 3.072e-02 5.608e-04      5.738e-04
tau         1.565962 1.196e-01 2.183e-03      2.204e-03
wA[1]       0.424908 2.058e-01 3.758e-03      3.846e-03
wA[2]       0.284645 1.978e-01 3.611e-03      3.464e-03
wA[3]       0.120400 1.069e-01 1.951e-03      1.995e-03
wA[4]       0.103487 8.739e-02 1.595e-03      1.596e-03
wA[5]       0.066560 5.672e-02 1.036e-03      1.054e-03

2. Quantiles for each variable:

                2.5%        25%        50%       75%      97.5%
Bstar[1]    1.315083   1.430932   1.492898   1.55331   1.669669
Bstar[2]   -0.349580  -0.292511  -0.262764  -0.23307  -0.176099
Bstar[3]    0.001537   0.002077   0.002356   0.00262   0.003173
Bstar[4]    0.003875   0.009886   0.013110   0.01654   0.022346
Dsum      390.390176 429.368079 451.662331 477.40209 527.328093
deltaA[1]   0.163307   1.024184   1.839721   2.86564   5.739440
deltaA[2]   0.048251   0.491915   1.103090   1.95142   4.623462
deltaA[3]   0.012337   0.155688   0.391343   0.83267   2.351200
deltaA[4]   0.012125   0.145794   0.348388   0.70596   1.991985
deltaA[5]   0.007778   0.097337   0.224707   0.45825   1.230301
deviance  840.964992 843.927362 846.122424 849.01535 855.848629
sig         0.742910   0.779509   0.799843   0.82140   0.864624
tau         1.337659   1.482131   1.563113   1.64573   1.811871
wA[1]       0.041144   0.269980   0.433623   0.58072   0.800668
wA[2]       0.012811   0.123654   0.251633   0.41668   0.719413
wA[3]       0.002930   0.038239   0.090687   0.17220   0.402119
wA[4]       0.002767   0.036569   0.082467   0.14592   0.326662
wA[5]       0.001962   0.022769   0.051875   0.09566   0.215211

