
Iterations = 2030:32000
Thinning interval = 30 
Number of chains = 3 
Sample size per chain = 1000 

1. Empirical mean and standard deviation for each variable,
   plus standard error of the mean:

                 Mean       SD  Naive SE Time-series SE
Bstar[1,1]    2.34954  0.08461 0.0015448      0.0014834
Bstar[2,1]    0.31895  0.32268 0.0058913      0.0058925
Bstar[3,1]    0.46786  0.13331 0.0024339      0.0024281
Bstar[4,1]    0.72568  0.78030 0.0142463      0.0142495
Bstar[1,2]    2.16176  0.32848 0.0059973      0.0072644
Bstar[2,2]    0.19816  0.16972 0.0030986      0.0041915
Bstar[3,2]    0.73435  0.28548 0.0052121      0.0064960
Bstar[4,2]    0.27962  0.13085 0.0023890      0.0032704
Dsum        189.58152 20.44087 0.3731976      0.3652373
deltaA[1,1]   1.44872  1.35280 0.0246986      0.0243849
deltaA[2,1]   1.22787  1.16028 0.0211838      0.0211750
deltaA[3,1]   0.95961  0.92745 0.0169329      0.0169292
deltaA[4,1]   1.20163  1.17132 0.0213852      0.0209178
deltaA[5,1]   0.97268  0.90012 0.0164338      0.0164182
deltaA[6,1]   0.58647  0.62842 0.0114733      0.0114766
deltaA[7,1]   0.62932  0.68018 0.0124183      0.0124223
deltaA[1,2]   1.17021  1.04583 0.0190941      0.0189792
deltaA[2,2]   0.92967  0.95054 0.0173544      0.0185575
deltaA[3,2]   0.97297  0.94881 0.0173229      0.0170170
deltaA[4,2]   1.12923  1.01317 0.0184978      0.0185034
deltaA[5,2]   1.08446  0.95628 0.0174592      0.0180641
deltaA[6,2]   0.93275  0.95272 0.0173942      0.0171211
deltaA[7,2]   0.73845  0.78719 0.0143720      0.0150868
deviance    396.98824  4.68747 0.0855812      0.0887854
sig           0.72549  0.03984 0.0007274      0.0006877
tau           1.91706  0.20948 0.0038246      0.0035216
wA[1,1]       0.20743  0.16809 0.0030689      0.0030676
wA[2,1]       0.17345  0.14002 0.0025565      0.0025115
wA[3,1]       0.13697  0.11718 0.0021393      0.0021381
wA[4,1]       0.16894  0.13910 0.0025396      0.0024933
wA[5,1]       0.13869  0.11184 0.0020418      0.0020408
wA[6,1]       0.08413  0.08154 0.0014887      0.0014666
wA[7,1]       0.09037  0.08667 0.0015823      0.0015827
wA[1,2]       0.16975  0.13043 0.0023812      0.0024283
wA[2,2]       0.13301  0.11725 0.0021407      0.0023298
wA[3,2]       0.14076  0.11971 0.0021856      0.0021857
wA[4,2]       0.16195  0.12398 0.0022636      0.0022642
wA[5,2]       0.15637  0.12015 0.0021937      0.0022720
wA[6,2]       0.13221  0.11285 0.0020603      0.0020767
wA[7,2]       0.10595  0.09961 0.0018187      0.0018191

2. Quantiles for each variable:

                  2.5%       25%       50%      75%    97.5%
Bstar[1,1]    2.182713   2.29065   2.35038   2.4060   2.5168
Bstar[2,1]   -0.259035   0.11405   0.29054   0.4948   1.0307
Bstar[3,1]    0.225496   0.37554   0.46028   0.5468   0.7547
Bstar[4,1]   -0.643027   0.19057   0.64574   1.1943   2.4572
Bstar[1,2]    1.546793   1.94679   2.14964   2.3642   2.8459
Bstar[2,2]   -0.151296   0.10372   0.19488   0.2925   0.5431
Bstar[3,2]    0.205605   0.54039   0.72366   0.9158   1.3157
Bstar[4,2]    0.010890   0.20759   0.28147   0.3568   0.5311
Dsum        151.812921 176.03967 188.49683 202.4333 233.7556
deltaA[1,1]   0.048124   0.44070   1.07563   1.9812   4.9798
deltaA[2,1]   0.035429   0.36649   0.86416   1.7432   4.1827
deltaA[3,1]   0.024819   0.27417   0.68679   1.3519   3.5006
deltaA[4,1]   0.029631   0.36117   0.85181   1.6916   4.3408
deltaA[5,1]   0.029675   0.31117   0.72961   1.3551   3.2589
deltaA[6,1]   0.016526   0.15751   0.37799   0.7864   2.3609
deltaA[7,1]   0.011936   0.17050   0.41094   0.8536   2.4215
deltaA[1,2]   0.035941   0.42792   0.88103   1.6419   3.8783
deltaA[2,2]   0.026480   0.26652   0.65058   1.2722   3.5047
deltaA[3,2]   0.021438   0.27668   0.68225   1.3549   3.5824
deltaA[4,2]   0.033647   0.37336   0.85206   1.6121   3.5949
deltaA[5,2]   0.034788   0.36906   0.83962   1.5051   3.5978
deltaA[6,2]   0.024815   0.27295   0.63454   1.2896   3.4765
deltaA[7,2]   0.019470   0.19433   0.49349   1.0021   2.8806
deviance    389.475356 393.58604 396.46484 399.7589 407.5084
sig           0.652079   0.69762   0.72311   0.7518   0.8102
tau           1.523433   1.76940   1.91244   2.0548   2.3518
wA[1,1]       0.008519   0.07297   0.16802   0.3017   0.6291
wA[2,1]       0.005597   0.06043   0.14004   0.2573   0.5195
wA[3,1]       0.003971   0.04485   0.10814   0.2010   0.4330
wA[4,1]       0.005560   0.05906   0.13402   0.2469   0.5256
wA[5,1]       0.005279   0.05113   0.11229   0.1975   0.4226
wA[6,1]       0.002504   0.02436   0.05851   0.1180   0.3078
wA[7,1]       0.002211   0.02741   0.06362   0.1258   0.3206
wA[1,2]       0.006144   0.06947   0.14149   0.2447   0.4895
wA[2,2]       0.004749   0.04367   0.10355   0.1894   0.4393
wA[3,2]       0.003636   0.04566   0.10787   0.2073   0.4313
wA[4,2]       0.005935   0.06078   0.13696   0.2343   0.4560
wA[5,2]       0.005375   0.06168   0.13296   0.2250   0.4486
wA[6,2]       0.004123   0.04478   0.10314   0.1921   0.4112
wA[7,2]       0.002880   0.03137   0.07572   0.1496   0.3752

