
Iterations = 2030:32000
Thinning interval = 30 
Number of chains = 3 
Sample size per chain = 1000 

1. Empirical mean and standard deviation for each variable,
   plus standard error of the mean:

               Mean       SD  Naive SE Time-series SE
Bstar[1]    1.06551  0.06284 0.0011472      0.0011463
Bstar[2]    0.08067  0.05058 0.0009235      0.0008911
Bstar[3]    0.34630  0.06029 0.0011007      0.0011264
Dsum      218.63082 19.25838 0.3516082      0.3700195
Inun[1]     0.00000  0.00000 0.0000000      0.0000000
Inun[2]     0.11156  0.44325 0.0080925      0.0083062
Inun[3]    -0.11339  0.43623 0.0079644      0.0079290
Inun2[1]    0.00000  0.00000 0.0000000      0.0000000
Inun2[2]    0.09060  0.37501 0.0068468      0.0068484
Inun2[3]   -0.71251  0.46249 0.0084438      0.0084460
deltaA[1]   0.96010  0.96347 0.0175904      0.0175894
deltaA[2]   0.80702  0.83802 0.0153000      0.0153043
deltaA[3]   1.24057  1.08129 0.0197416      0.0201099
deviance  513.48625  4.28675 0.0782649      0.0782634
sig         0.64787  0.02869 0.0005238      0.0005239
tau         2.39649  0.21269 0.0038831      0.0038838
wA[1]       0.31790  0.21652 0.0039531      0.0039537
wA[2]       0.26748  0.20682 0.0037760      0.0037146
wA[3]       0.41462  0.23708 0.0043284      0.0043240

2. Quantiles for each variable:

                2.5%       25%       50%      75%    97.5%
Bstar[1]    0.942028   1.02434   1.06455   1.1079   1.1909
Bstar[2]   -0.019128   0.04761   0.08196   0.1141   0.1763
Bstar[3]    0.231247   0.30466   0.34570   0.3867   0.4643
Dsum      183.227149 205.18901 217.89237 231.0529 259.6341
Inun[1]     0.000000   0.00000   0.00000   0.0000   0.0000
Inun[2]    -0.766161  -0.17746   0.11393   0.4098   0.9707
Inun[3]    -0.963527  -0.40664  -0.11177   0.1791   0.7575
Inun2[1]    0.000000   0.00000   0.00000   0.0000   0.0000
Inun2[2]   -0.638921  -0.15861   0.08147   0.3362   0.8223
Inun2[3]   -1.587714  -1.02990  -0.71680  -0.3982   0.2123
deltaA[1]   0.023296   0.28899   0.68247   1.3155   3.5250
deltaA[2]   0.019422   0.21157   0.54311   1.0905   2.9887
deltaA[3]   0.045091   0.46314   0.96589   1.6877   4.0874
deviance  507.097823 510.33039 512.83762 515.8737 523.4794
sig         0.593932   0.62802   0.64686   0.6671   0.7056
tau         2.008819   2.24684   2.38988   2.5354   2.8348
wA[1]       0.009617   0.13835   0.28712   0.4694   0.7916
wA[2]       0.009219   0.10298   0.21835   0.3866   0.7653
wA[3]       0.024441   0.21828   0.40993   0.5958   0.8671

