
Iterations = 2030:32000
Thinning interval = 30 
Number of chains = 3 
Sample size per chain = 1000 

1. Empirical mean and standard deviation for each variable,
   plus standard error of the mean:

                Mean       SD  Naive SE Time-series SE
Bstar[1]    4.985332  1.00038 0.0182643      0.0796052
Bstar[2]   18.102378  5.62733 0.1027406      0.4452524
Bstar[3]    0.039723  0.10236 0.0018688      0.0054905
Bstar[4]    0.057737  0.06247 0.0011405      0.0011608
Bstar[5]   -0.002397  0.05292 0.0009662      0.0009663
Dsum      205.596976 22.73602 0.4151010      0.4324576
deltaA[1]   0.939047  0.91503 0.0167060      0.0161012
deltaA[2]   1.088014  1.02269 0.0186716      0.0203552
deltaA[3]   0.977422  0.95267 0.0173933      0.0176788
deltaA[4]   0.898479  0.88591 0.0161744      0.0161783
deltaA[5]   1.204714  1.06994 0.0195344      0.0198752
deviance  400.804407  3.57619 0.0652920      0.0827195
sig         0.770979  0.04339 0.0007921      0.0007923
tau         1.698309  0.19084 0.0034842      0.0034851
wA[1]       0.185697  0.14868 0.0027145      0.0027503
wA[2]       0.211980  0.16324 0.0029804      0.0032071
wA[3]       0.190554  0.14773 0.0026972      0.0026108
wA[4]       0.176275  0.14376 0.0026247      0.0026255
wA[5]       0.235495  0.16253 0.0029674      0.0029680

2. Quantiles for each variable:

                2.5%       25%        50%       75%     97.5%
Bstar[1]    3.090228   4.26771   4.941773   5.69148   6.91723
Bstar[2]    7.512125  14.08745  17.883807  22.02922  28.95665
Bstar[3]   -0.165011  -0.02762   0.041463   0.10965   0.23782
Bstar[4]   -0.065461   0.01669   0.058201   0.09867   0.17877
Bstar[5]   -0.109346  -0.03710  -0.001942   0.03245   0.09941
Dsum      165.230018 189.74266 203.928180 219.80811 255.05469
deltaA[1]   0.025391   0.27792   0.658705   1.31317   3.33476
deltaA[2]   0.038875   0.33067   0.772649   1.54342   3.72662
deltaA[3]   0.029005   0.30635   0.696134   1.32997   3.38458
deltaA[4]   0.023591   0.26512   0.627219   1.25148   3.22405
deltaA[5]   0.045794   0.44033   0.948430   1.64493   4.04485
deviance  395.761298 398.25039 400.145360 402.73376 409.14402
sig         0.691023   0.74146   0.769267   0.79972   0.85927
tau         1.354374   1.56358   1.689841   1.81899   2.09418
wA[1]       0.006237   0.06547   0.152621   0.27097   0.54448
wA[2]       0.008674   0.08044   0.173554   0.30780   0.60412
wA[3]       0.007585   0.07218   0.156385   0.27956   0.54417
wA[4]       0.005463   0.06277   0.144495   0.25465   0.52415
wA[5]       0.011998   0.10500   0.208340   0.34005   0.60912

