
Iterations = 2030:32000
Thinning interval = 30 
Number of chains = 3 
Sample size per chain = 1000 

1. Empirical mean and standard deviation for each variable,
   plus standard error of the mean:

               Mean       SD  Naive SE Time-series SE
Bstar[1]    2.24399  0.06782 0.0012383      0.0012008
Bstar[2]   -0.14034  0.04298 0.0007847      0.0007847
Bstar[3]    0.41044  0.06295 0.0011493      0.0011483
Bstar[4]    0.08204  0.05351 0.0009770      0.0009170
Bstar[5]   -0.02217  0.04200 0.0007668      0.0007670
Dsum      179.26003 19.38237 0.3538720      0.3699879
Inun[1]     0.00000  0.00000 0.0000000      0.0000000
Inun[2]     0.13084  0.16980 0.0031000      0.0031772
Inun2[1]    0.00000  0.00000 0.0000000      0.0000000
Inun2[2]    0.86870  0.19815 0.0036177      0.0036158
deltaA[1]   1.50101  1.26442 0.0230851      0.0230904
deltaA[2]   1.45258  1.24779 0.0227815      0.0213685
deltaA[3]   0.91260  0.91092 0.0166310      0.0165484
deltaA[4]   0.60712  0.62318 0.0113776      0.0113800
deltaA[5]   0.61128  0.59856 0.0109282      0.0107019
deviance  387.13769  4.44354 0.0811275      0.0823741
sig         0.70542  0.03823 0.0006980      0.0007199
tau         2.02718  0.21838 0.0039870      0.0039881
wA[1]       0.29270  0.19101 0.0034874      0.0034883
wA[2]       0.28718  0.19625 0.0035830      0.0033358
wA[3]       0.17877  0.14481 0.0026439      0.0026010
wA[4]       0.12035  0.10607 0.0019366      0.0019599
wA[5]       0.12100  0.09743 0.0017788      0.0017857

2. Quantiles for each variable:

                2.5%       25%       50%        75%     97.5%
Bstar[1]    2.114645   2.19796   2.24381   2.288540   2.37833
Bstar[2]   -0.223975  -0.17018  -0.14070  -0.109981  -0.05482
Bstar[3]    0.287003   0.36897   0.41071   0.452230   0.53075
Bstar[4]   -0.025174   0.04629   0.08128   0.118908   0.18586
Bstar[5]   -0.106903  -0.05008  -0.02153   0.005587   0.05967
Dsum      144.163087 166.07571 178.24467 191.484970 220.89541
Inun[1]     0.000000   0.00000   0.00000   0.000000   0.00000
Inun[2]    -0.197454   0.01417   0.13287   0.244894   0.45913
Inun2[1]    0.000000   0.00000   0.00000   0.000000   0.00000
Inun2[2]    0.473654   0.74062   0.87089   1.000481   1.24950
deltaA[1]   0.050085   0.55908   1.18752   2.140295   4.74583
deltaA[2]   0.054864   0.51408   1.13613   2.070682   4.67077
deltaA[3]   0.027672   0.26720   0.63653   1.262688   3.38658
deltaA[4]   0.012328   0.16680   0.40135   0.826363   2.30434
deltaA[5]   0.014177   0.18301   0.44401   0.856999   2.12580
deviance  380.278473 383.91833 386.52486 389.734786 397.06170
sig         0.637264   0.67950   0.70351   0.728904   0.78396
tau         1.627072   1.88217   2.02050   2.165802   2.46241
wA[1]       0.012967   0.13416   0.27561   0.428152   0.68843
wA[2]       0.012363   0.12188   0.26133   0.426699   0.70479
wA[3]       0.006786   0.06290   0.14212   0.260437   0.53045
wA[4]       0.003011   0.03932   0.09121   0.173274   0.39826
wA[5]       0.003493   0.04274   0.09877   0.178499   0.35200

