
Iterations = 2015:17000
Thinning interval = 15 
Number of chains = 3 
Sample size per chain = 1000 

1. Empirical mean and standard deviation for each variable,
   plus standard error of the mean:

               Mean        SD  Naive SE Time-series SE
Bstar[1]    0.61612  0.035240 6.434e-04      6.436e-04
Bstar[2]    0.26793  0.113388 2.070e-03      3.856e-03
Bstar[3]   -0.17587  0.116462 2.126e-03      3.724e-03
Bstar[4]    0.08639  0.033096 6.043e-04      6.183e-04
Bstar[5]    0.01952  0.003262 5.955e-05      6.067e-05
Dsum      423.20016 26.518157 4.842e-01      4.842e-01
Estar[1]   -0.05052  0.064081 1.170e-03      1.156e-03
Estar[2]    0.07664  0.085986 1.570e-03      1.581e-03
Estar[3]   -0.22056  0.104704 1.912e-03      1.836e-03
Estar[4]    0.09990  0.070525 1.288e-03      1.205e-03
Estar[5]   -0.04714  0.068290 1.247e-03      1.208e-03
Estar[6]   -0.09414  0.068338 1.248e-03      1.214e-03
Estar[7]    0.23583  0.052425 9.572e-04      9.896e-04
deltaA[1]   1.36617  1.265373 2.310e-02      2.648e-02
deltaA[2]   0.83495  0.835680 1.526e-02      1.629e-02
deltaA[3]   0.82507  0.846336 1.545e-02      1.744e-02
deltaA[4]   0.69533  0.799401 1.459e-02      1.560e-02
deltaA[5]   1.21135  1.067049 1.948e-02      2.034e-02
sig         0.63918  0.020415 3.727e-04      3.810e-04
sig.eps     0.19944  0.082136 1.500e-03      1.622e-03
tau         2.45512  0.155980 2.848e-03      2.997e-03
tau.eps    38.74794 34.384395 6.278e-01      6.498e-01
wA[1]       0.27601  0.201547 3.680e-03      5.013e-03
wA[2]       0.17052  0.143956 2.628e-03      2.702e-03
wA[3]       0.16806  0.146060 2.667e-03      2.789e-03
wA[4]       0.14059  0.132473 2.419e-03      2.619e-03
wA[5]       0.24483  0.168582 3.078e-03      3.075e-03

2. Quantiles for each variable:

                2.5%       25%       50%        75%     97.5%
Bstar[1]    0.546873   0.59260   0.61658   0.639670   0.68333
Bstar[2]    0.086318   0.19224   0.25295   0.325070   0.53670
Bstar[3]   -0.450482  -0.23723  -0.16258  -0.098306   0.01228
Bstar[4]    0.022045   0.06339   0.08700   0.109794   0.15053
Bstar[5]    0.013421   0.01726   0.01947   0.021649   0.02629
Dsum      374.244979 404.52347 422.71372 440.526142 478.54259
Estar[1]   -0.175918  -0.09429  -0.05083  -0.006897   0.07817
Estar[2]   -0.086338   0.01760   0.07156   0.133176   0.24803
Estar[3]   -0.429839  -0.28779  -0.21780  -0.148571  -0.02227
Estar[4]   -0.036779   0.05385   0.09971   0.145944   0.24128
Estar[5]   -0.180389  -0.09161  -0.04801  -0.002368   0.08593
Estar[6]   -0.233241  -0.13935  -0.09249  -0.048253   0.03867
Estar[7]    0.133110   0.20091   0.23501   0.272679   0.33734
deltaA[1]   0.033225   0.43735   0.99058   1.949239   4.69565
deltaA[2]   0.016843   0.22614   0.56380   1.169974   3.08463
deltaA[3]   0.015209   0.21849   0.56071   1.135457   3.05409
deltaA[4]   0.015491   0.16413   0.42958   0.901991   2.86967
deltaA[5]   0.035947   0.42211   0.93464   1.668781   3.99276
sig         0.600495   0.62528   0.63855   0.652225   0.68164
sig.eps     0.089331   0.14436   0.18396   0.236752   0.40936
tau         2.152245   2.35074   2.45252   2.557669   2.77320
tau.eps     5.967563  17.84069  29.55066  47.987031 125.31384
wA[1]       0.008166   0.11024   0.23518   0.412999   0.73408
wA[2]       0.004298   0.05600   0.12938   0.250658   0.53033
wA[3]       0.003757   0.05445   0.12777   0.238927   0.54129
wA[4]       0.004061   0.03952   0.10081   0.201585   0.49450
wA[5]       0.010831   0.10824   0.21860   0.357155   0.62188

