
Iterations = 2030:32000
Thinning interval = 30 
Number of chains = 3 
Sample size per chain = 1000 

1. Empirical mean and standard deviation for each variable,
   plus standard error of the mean:

               Mean       SD  Naive SE Time-series SE
Bstar[1]    1.09280  0.07054 0.0012878      0.0012881
Bstar[2]    0.16959  0.03684 0.0006726      0.0006939
Bstar[3]    0.35268  0.06979 0.0012742      0.0012743
Dsum      225.99029 20.18777 0.3685765      0.3684410
deltaA[1]   1.17502  0.92905 0.0169621      0.0175117
deltaA[2]   0.99286  0.91659 0.0167346      0.0163173
deltaA[3]   0.80784  0.72206 0.0131829      0.0129251
deltaB[1]   2.23067  1.40284 0.0256123      0.0256198
deltaB[2]   0.60994  0.67505 0.0123247      0.0126064
deltaB[3]   0.23796  0.28988 0.0052924      0.0052300
deviance  521.98804  3.78855 0.0691691      0.0747974
sig         0.65873  0.02943 0.0005373      0.0005434
tau         2.31828  0.20543 0.0037506      0.0037790
wA[1]       0.39649  0.19819 0.0036184      0.0036184
wA[2]       0.33292  0.20643 0.0037689      0.0037692
wA[3]       0.27059  0.16545 0.0030208      0.0030216
wB[1]       0.72760  0.16298 0.0029755      0.0029763
wB[2]       0.19576  0.15731 0.0028722      0.0029273
wB[3]       0.07664  0.06905 0.0012607      0.0012610

2. Quantiles for each variable:

               2.5%       25%      50%      75%    97.5%
Bstar[1]  9.554e-01   1.04553   1.0912   1.1412   1.2334
Bstar[2]  9.704e-02   0.14559   0.1691   0.1932   0.2431
Bstar[3]  2.150e-01   0.30548   0.3529   0.3991   0.4916
Dsum      1.898e+02 212.14564 224.6243 238.8673 268.3727
deltaA[1] 7.931e-02   0.48892   0.9478   1.6151   3.5398
deltaA[2] 3.719e-02   0.34888   0.7231   1.3548   3.4310
deltaA[3] 3.489e-02   0.28302   0.6140   1.1205   2.7361
deltaB[1] 3.960e-01   1.19514   1.9235   2.9488   5.7275
deltaB[2] 1.201e-02   0.15478   0.4015   0.8210   2.3872
deltaB[3] 4.857e-03   0.05208   0.1416   0.3122   1.0289
deviance  5.164e+02 519.30307 521.3376 524.0284 531.2877
sig       6.045e-01   0.63850   0.6573   0.6777   0.7220
tau       1.918e+00   2.17712   2.3148   2.4529   2.7370
wA[1]     4.411e-02   0.25199   0.3898   0.5366   0.7954
wA[2]     1.941e-02   0.16327   0.3100   0.4745   0.7772
wA[3]     1.686e-02   0.14484   0.2487   0.3799   0.6367
wB[1]     3.409e-01   0.63399   0.7550   0.8520   0.9595
wB[2]     7.190e-03   0.07096   0.1596   0.2791   0.5944
wB[3]     2.207e-03   0.02438   0.0571   0.1088   0.2594

