
Iterations = 2015:17000
Thinning interval = 15 
Number of chains = 3 
Sample size per chain = 1000 

1. Empirical mean and standard deviation for each variable,
   plus standard error of the mean:

                Mean       SD  Naive SE Time-series SE
Bstar[1]     0.68173  0.03489 0.0006369      0.0006369
Bstar[2]     0.26397  0.10383 0.0018957      0.0031088
Bstar[3]    -0.01687  0.10396 0.0018980      0.0030934
Bstar[4]     0.08764  0.03416 0.0006237      0.0006405
Dsum       452.64677 28.27736 0.5162716      0.5263135
Estar[1]    -0.06253  0.06447 0.0011770      0.0011505
Estar[2]     0.09873  0.08720 0.0015921      0.0015752
Estar[3]    -0.17405  0.10061 0.0018369      0.0017827
Estar[4]     0.08531  0.07060 0.0012890      0.0012892
Estar[5]    -0.05566  0.06902 0.0012601      0.0012839
Estar[6]    -0.10168  0.06864 0.0012532      0.0012738
Estar[7]     0.20988  0.05401 0.0009861      0.0009861
deltaA[1]    1.24814  1.18759 0.0216823      0.0250975
deltaA[2]    1.03998  1.02292 0.0186758      0.0214364
deltaA[3]    0.94215  0.94785 0.0173054      0.0209475
deltaA[4]    0.90286  0.94234 0.0172048      0.0219128
deltaA[5]    0.89081  0.91448 0.0166960      0.0176709
deviance  1040.82812  4.79108 0.0874728      0.0874997
sig          0.66160  0.02077 0.0003793      0.0003704
sig.eps      0.18421  0.07893 0.0014411      0.0017120
tau          2.29137  0.14349 0.0026197      0.0025628
tau.eps     47.12635 44.54536 0.8132833      0.8124078
wA[1]        0.24795  0.19273 0.0035188      0.0042039
wA[2]        0.20703  0.16481 0.0030091      0.0031799
wA[3]        0.18684  0.15648 0.0028569      0.0032563
wA[4]        0.17876  0.15397 0.0028110      0.0033169
wA[5]        0.17942  0.15324 0.0027977      0.0027977

2. Quantiles for each variable:

                2.5%        25%        50%        75%     97.5%
Bstar[1]   6.133e-01    0.65808    0.68132  7.051e-01 7.507e-01
Bstar[2]   8.826e-02    0.19583    0.25585  3.194e-01 5.011e-01
Bstar[3]  -2.488e-01   -0.07549   -0.00694  5.066e-02 1.623e-01
Bstar[4]   2.003e-02    0.06511    0.08759  1.106e-01 1.538e-01
Dsum       3.986e+02  432.78849  452.31348  4.705e+02 5.101e+02
Estar[1]  -1.851e-01   -0.10598   -0.06267 -1.809e-02 6.422e-02
Estar[2]  -6.692e-02    0.03953    0.09630  1.565e-01 2.797e-01
Estar[3]  -3.759e-01   -0.23999   -0.17119 -1.045e-01 1.436e-02
Estar[4]  -4.779e-02    0.03549    0.08456  1.336e-01 2.211e-01
Estar[5]  -1.886e-01   -0.10187   -0.05539 -8.782e-03 7.594e-02
Estar[6]  -2.353e-01   -0.14912   -0.10108 -5.437e-02 2.925e-02
Estar[7]   1.028e-01    0.17412    0.20953  2.464e-01 3.160e-01
deltaA[1]  3.769e-02    0.36838    0.88917  1.754e+00 4.490e+00
deltaA[2]  2.674e-02    0.31049    0.73549  1.440e+00 3.682e+00
deltaA[3]  1.960e-02    0.27642    0.64723  1.296e+00 3.459e+00
deltaA[4]  2.105e-02    0.23559    0.59160  1.250e+00 3.359e+00
deltaA[5]  2.324e-02    0.25330    0.60664  1.219e+00 3.321e+00
deviance   1.034e+03 1037.42548 1040.01155  1.043e+03 1.052e+03
sig        6.228e-01    0.64737    0.66091  6.751e-01 7.043e-01
sig.eps    7.948e-02    0.13106    0.16965  2.171e-01 3.809e-01
tau        2.016e+00    2.19435    2.28938  2.386e+00 2.578e+00
tau.eps    6.892e+00   21.21609   34.74667  5.822e+01 1.583e+02
wA[1]      8.017e-03    0.09248    0.20458  3.622e-01 7.101e-01
wA[2]      6.323e-03    0.07384    0.16915  3.022e-01 6.016e-01
wA[3]      5.002e-03    0.06536    0.14430  2.711e-01 5.799e-01
wA[4]      5.250e-03    0.05577    0.13666  2.679e-01 5.632e-01
wA[5]      5.763e-03    0.05830    0.13634  2.549e-01 5.630e-01

