
Iterations = 2030:32000
Thinning interval = 30 
Number of chains = 3 
Sample size per chain = 1000 

1. Empirical mean and standard deviation for each variable,
   plus standard error of the mean:

              Mean       SD  Naive SE Time-series SE
Bstar[1]    2.3366  0.07408 0.0013526      0.0013528
Bstar[2]   -0.1366  0.04190 0.0007651      0.0007447
Bstar[3]    0.4028  0.07396 0.0013504      0.0013506
Dsum      191.6696 20.56978 0.3755511      0.3863158
Inun[1]     0.0000  0.00000 0.0000000      0.0000000
Inun[2]     0.2818  0.20664 0.0037728      0.0037728
Inun2[1]    0.0000  0.00000 0.0000000      0.0000000
Inun2[2]    0.6240  0.21493 0.0039241      0.0039250
deltaA[1]   1.0472  1.06247 0.0193979      0.0194015
deltaA[2]   1.0864  1.04159 0.0190167      0.0186266
deltaA[3]   1.0600  1.03506 0.0188976      0.0185371
deltaA[4]   0.7657  0.81934 0.0149591      0.0149418
deviance  398.5343  3.73086 0.0681159      0.0659348
sig         0.7284  0.03898 0.0007117      0.0007114
tau         1.9010  0.20177 0.0036839      0.0036827
wA[1]       0.2594  0.19237 0.0035121      0.0034444
wA[2]       0.2773  0.20401 0.0037246      0.0035690
wA[3]       0.2683  0.19952 0.0036426      0.0035866
wA[4]       0.1951  0.16675 0.0030444      0.0029435

2. Quantiles for each variable:

                2.5%       25%      50%      75%    97.5%
Bstar[1]    2.195974   2.28681   2.3351   2.3846   2.4800
Bstar[2]   -0.217088  -0.16548  -0.1365  -0.1077  -0.0570
Bstar[3]    0.262425   0.35284   0.4013   0.4513   0.5525
Dsum      155.372144 177.02572 190.5036 204.6983 235.5505
Inun[1]     0.000000   0.00000   0.0000   0.0000   0.0000
Inun[2]    -0.107820   0.14242   0.2792   0.4194   0.6911
Inun2[1]    0.000000   0.00000   0.0000   0.0000   0.0000
Inun2[2]    0.189346   0.48582   0.6235   0.7621   1.0647
deltaA[1]   0.033722   0.30267   0.7184   1.4101   3.8979
deltaA[2]   0.032154   0.32650   0.7687   1.5174   3.9404
deltaA[3]   0.028286   0.32173   0.7269   1.4820   3.7932
deltaA[4]   0.019440   0.20133   0.5153   1.0337   2.9466
deviance  393.431584 395.85536 397.8129 400.4207 407.7175
sig         0.657462   0.70051   0.7271   0.7534   0.8085
tau         1.529829   1.76167   1.8915   2.0379   2.3134
wA[1]       0.010554   0.10028   0.2226   0.3859   0.7028
wA[2]       0.011198   0.10672   0.2361   0.4148   0.7457
wA[3]       0.009611   0.10317   0.2281   0.4021   0.7135
wA[4]       0.006912   0.06534   0.1514   0.2810   0.6299

