
Iterations = 2030:32000
Thinning interval = 30 
Number of chains = 3 
Sample size per chain = 1000 

1. Empirical mean and standard deviation for each variable,
   plus standard error of the mean:

               Mean       SD  Naive SE Time-series SE
Bstar[1]    2.24702  0.06602 0.0012054      0.0012076
Bstar[2]   -0.18416  0.04187 0.0007645      0.0007645
Bstar[3]    0.39559  0.06396 0.0011677      0.0011681
Dsum      197.73715 20.85668 0.3807892      0.3745287
Inun[1]     0.00000  0.00000 0.0000000      0.0000000
Inun[2]    -0.04416  0.17169 0.0031347      0.0030824
Inun2[1]    0.00000  0.00000 0.0000000      0.0000000
Inun2[2]    0.26603  0.16387 0.0029918      0.0030352
deltaA[1]   1.27211  1.16863 0.0213361      0.0213241
deltaA[2]   1.72997  1.35596 0.0247564      0.0247638
deltaA[3]   0.94398  0.92681 0.0169212      0.0164848
deltaA[4]   0.68042  0.67575 0.0123375      0.0122793
deltaA[5]   0.39997  0.39798 0.0072661      0.0072682
deviance  404.00931  3.80779 0.0695204      0.0668757
sig         0.73970  0.03990 0.0007284      0.0007153
tau         1.84351  0.19808 0.0036165      0.0035293
wA[1]       0.25067  0.17964 0.0032797      0.0032806
wA[2]       0.34370  0.20421 0.0037284      0.0036404
wA[3]       0.18967  0.15380 0.0028080      0.0028076
wA[4]       0.13583  0.11002 0.0020088      0.0019810
wA[5]       0.08013  0.06692 0.0012218      0.0012217

2. Quantiles for each variable:

                2.5%       25%       50%       75%    97.5%
Bstar[1]    2.115629   2.20044   2.24840   2.29311   2.3709
Bstar[2]   -0.266443  -0.21255  -0.18462  -0.15584  -0.1014
Bstar[3]    0.272213   0.35275   0.39465   0.43888   0.5250
Dsum      159.745292 183.55442 196.35950 210.74381 242.2357
Inun[1]     0.000000   0.00000   0.00000   0.00000   0.0000
Inun[2]    -0.378313  -0.15704  -0.04276   0.06856   0.2902
Inun2[1]    0.000000   0.00000   0.00000   0.00000   0.0000
Inun2[2]   -0.055654   0.15416   0.26693   0.37409   0.5913
deltaA[1]   0.046206   0.40162   0.93578   1.79789   4.3224
deltaA[2]   0.091364   0.70783   1.41093   2.40583   5.1916
deltaA[3]   0.030826   0.27821   0.65809   1.31838   3.4327
deltaA[4]   0.015295   0.20376   0.48307   0.94703   2.4301
deltaA[5]   0.008843   0.11808   0.28252   0.55776   1.4820
deviance  398.177004 401.28065 403.46797 406.13658 412.9674
sig         0.664740   0.71302   0.73775   0.76542   0.8222
tau         1.479196   1.70689   1.83730   1.96695   2.2631
wA[1]       0.010493   0.10169   0.21994   0.37485   0.6465
wA[2]       0.021344   0.17432   0.32905   0.49582   0.7463
wA[3]       0.006945   0.06576   0.15111   0.28082   0.5634
wA[4]       0.004067   0.04938   0.10842   0.19674   0.4024
wA[5]       0.002364   0.02745   0.06283   0.11536   0.2495

