
Iterations = 2030:32000
Thinning interval = 30 
Number of chains = 3 
Sample size per chain = 1000 

1. Empirical mean and standard deviation for each variable,
   plus standard error of the mean:

               Mean       SD  Naive SE Time-series SE
Bstar[1]    2.23590  0.06827 0.0012463      0.0012467
Bstar[2]   -0.16176  0.05226 0.0009541      0.0009542
Bstar[3]    0.40101  0.06302 0.0011505      0.0011507
Bstar[4]    0.07915  0.05135 0.0009375      0.0009467
Bstar[5]   -0.02309  0.04196 0.0007662      0.0007646
Bstar[6]   -0.06749  0.09157 0.0016717      0.0016723
Dsum      179.34801 19.23025 0.3510947      0.3570260
Inun[1]     0.00000  0.00000 0.0000000      0.0000000
Inun[2]     0.11265  0.17593 0.0032120      0.0032110
Inun2[1]    0.00000  0.00000 0.0000000      0.0000000
Inun2[2]    0.84952  0.19675 0.0035922      0.0037043
deltaA[1]   1.52249  1.27841 0.0233405      0.0233430
deltaA[2]   1.51174  1.32213 0.0241388      0.0238197
deltaA[3]   0.83789  0.89252 0.0162952      0.0162848
deltaA[4]   0.54616  0.58399 0.0106622      0.0113780
deltaA[5]   0.53456  0.55000 0.0100415      0.0106438
deviance  386.99256  4.70142 0.0858358      0.0858557
sig         0.70466  0.03852 0.0007034      0.0006926
tau         2.03182  0.21965 0.0040102      0.0039545
wA[1]       0.30841  0.19850 0.0036241      0.0036252
wA[2]       0.30393  0.20050 0.0036606      0.0036585
wA[3]       0.16917  0.14909 0.0027220      0.0027192
wA[4]       0.10997  0.10048 0.0018346      0.0019053
wA[5]       0.10852  0.09197 0.0016791      0.0017289

2. Quantiles for each variable:

                2.5%       25%       50%        75%     97.5%
Bstar[1]    2.106826   2.19045   2.23488   2.281243   2.37140
Bstar[2]   -0.261574  -0.19626  -0.16352  -0.128364  -0.05540
Bstar[3]    0.276835   0.35944   0.40049   0.442580   0.52559
Bstar[4]   -0.020426   0.04537   0.07953   0.113861   0.17955
Bstar[5]   -0.105881  -0.05126  -0.02344   0.004870   0.05858
Bstar[6]   -0.241630  -0.13066  -0.06925  -0.005448   0.11032
Dsum      145.091991 166.24060 177.88250 191.581746 219.77580
Inun[1]     0.000000   0.00000   0.00000   0.000000   0.00000
Inun[2]    -0.236330  -0.00345   0.11410   0.225431   0.45288
Inun2[1]    0.000000   0.00000   0.00000   0.000000   0.00000
Inun2[2]    0.468558   0.71338   0.84749   0.983366   1.23053
deltaA[1]   0.056683   0.55590   1.22536   2.134325   4.82093
deltaA[2]   0.049703   0.55204   1.16029   2.121033   4.99548
deltaA[3]   0.017560   0.21901   0.53754   1.159109   3.24621
deltaA[4]   0.010827   0.13974   0.35942   0.766915   2.14318
deltaA[5]   0.012759   0.15700   0.36966   0.726868   1.96718
deviance  379.596138 383.67669 386.34431 389.869542 398.03230
sig         0.634133   0.67817   0.70332   0.729111   0.78510
tau         1.622386   1.88110   2.02162   2.174311   2.48679
wA[1]       0.012221   0.13948   0.28927   0.454275   0.72176
wA[2]       0.012048   0.13136   0.28065   0.445080   0.72111
wA[3]       0.004826   0.05405   0.12581   0.243885   0.55238
wA[4]       0.003040   0.03512   0.08197   0.156454   0.37145
wA[5]       0.003601   0.03757   0.08510   0.157548   0.33550

