
Iterations = 2030:32000
Thinning interval = 30 
Number of chains = 3 
Sample size per chain = 1000 

1. Empirical mean and standard deviation for each variable,
   plus standard error of the mean:

               Mean        SD  Naive SE Time-series SE
Bstar[1]    1.91902  0.045668 8.338e-04      8.340e-04
Bstar[2]   -0.23076  0.046406 8.472e-04      8.313e-04
Bstar[3]    0.26930  0.047188 8.615e-04      8.816e-04
Bstar[4]    0.04902  0.037224 6.796e-04      7.059e-04
Bstar[5]    0.06106  0.035987 6.570e-04      6.102e-04
Bstar[6]    0.01295  0.004861 8.876e-05      8.878e-05
Dsum      438.97917 33.418736 6.101e-01      6.109e-01
deltaA[1]   1.67826  1.302462 2.378e-02      2.439e-02
deltaA[2]   1.52003  1.330849 2.430e-02      2.480e-02
deltaA[3]   0.73550  0.757218 1.382e-02      1.383e-02
deltaA[4]   0.63784  0.675262 1.233e-02      1.233e-02
deltaA[5]   0.44940  0.451303 8.240e-03      7.616e-03
deviance  836.16396  4.262063 7.781e-02      7.784e-02
sig         0.78820  0.029986 5.475e-04      5.482e-04
tau         1.61662  0.122586 2.238e-03      2.245e-03
wA[1]       0.33668  0.195117 3.562e-03      3.562e-03
wA[2]       0.30120  0.199396 3.640e-03      3.640e-03
wA[3]       0.14673  0.125217 2.286e-03      2.334e-03
wA[4]       0.12631  0.107250 1.958e-03      1.959e-03
wA[5]       0.08909  0.071899 1.313e-03      1.255e-03

2. Quantiles for each variable:

                2.5%        25%       50%       75%     97.5%
Bstar[1]    1.828486   1.888519   1.91906   1.94968   2.00889
Bstar[2]   -0.325869  -0.261674  -0.22911  -0.19885  -0.14174
Bstar[3]    0.176423   0.236940   0.26868   0.30196   0.35941
Bstar[4]   -0.026205   0.024497   0.04968   0.07460   0.12096
Bstar[5]   -0.010967   0.036856   0.06134   0.08578   0.13103
Bstar[6]    0.003699   0.009705   0.01284   0.01621   0.02281
Dsum      378.989123 415.725579 437.33763 460.61141 510.39373
deltaA[1]   0.080486   0.718945   1.38308   2.36782   4.93244
deltaA[2]   0.057914   0.548047   1.18205   2.12034   4.91586
deltaA[3]   0.022553   0.204120   0.48838   1.00809   2.86587
deltaA[4]   0.015951   0.179155   0.41469   0.86975   2.48284
deltaA[5]   0.009911   0.132116   0.31473   0.61945   1.62825
deviance  829.765576 833.058025 835.56103 838.49333 846.13727
sig         0.731933   0.767570   0.78769   0.80804   0.84811
tau         1.390254   1.531545   1.61171   1.69732   1.86663
wA[1]       0.020548   0.178180   0.32986   0.47379   0.72788
wA[2]       0.014488   0.134735   0.27337   0.44268   0.71568
wA[3]       0.005723   0.049268   0.11197   0.21170   0.46746
wA[4]       0.003989   0.043898   0.09953   0.18147   0.39655
wA[5]       0.002748   0.033223   0.07189   0.13000   0.26535

