
Iterations = 2030:32000
Thinning interval = 30 
Number of chains = 3 
Sample size per chain = 1000 

1. Empirical mean and standard deviation for each variable,
   plus standard error of the mean:

               Mean       SD  Naive SE Time-series SE
Bstar[1]    2.25442  0.06657 0.0012155      0.0012155
Bstar[2]   -0.14760  0.04320 0.0007887      0.0007889
Bstar[3]    0.39726  0.06156 0.0011239      0.0011242
Bstar[4]   -0.01330  0.04158 0.0007592      0.0007590
Dsum      181.26550 19.53471 0.3566535      0.3566612
Inun[1]     0.00000  0.00000 0.0000000      0.0000000
Inun[2]     0.06295  0.16696 0.0030483      0.0031723
Inun2[1]    0.00000  0.00000 0.0000000      0.0000000
Inun2[2]    0.87559  0.19722 0.0036008      0.0036014
deltaA[1]   1.45032  1.26855 0.0231604      0.0236778
deltaA[2]   1.49504  1.31253 0.0239635      0.0241301
deltaA[3]   0.88934  0.90728 0.0165647      0.0168524
deltaA[4]   0.62295  0.67623 0.0123462      0.0123427
deltaA[5]   0.56164  0.56547 0.0103240      0.0101731
deviance  388.40210  4.16855 0.0761070      0.0746255
sig         0.70819  0.03823 0.0006979      0.0007139
tau         2.01118  0.21544 0.0039334      0.0040249
wA[1]       0.29013  0.19503 0.0035607      0.0036185
wA[2]       0.29717  0.19915 0.0036360      0.0035485
wA[3]       0.17599  0.14591 0.0026640      0.0026777
wA[4]       0.12345  0.10852 0.0019813      0.0019797
wA[5]       0.11326  0.09499 0.0017342      0.0017260

2. Quantiles for each variable:

                2.5%       25%       50%       75%     97.5%
Bstar[1]    2.123675   2.20936   2.25548   2.29932   2.38378
Bstar[2]   -0.229659  -0.17655  -0.14825  -0.11843  -0.06362
Bstar[3]    0.279490   0.35435   0.39595   0.43730   0.51776
Bstar[4]   -0.092530  -0.04051  -0.01492   0.01418   0.07016
Dsum      144.852876 167.88435 180.16559 193.31090 223.33954
Inun[1]     0.000000   0.00000   0.00000   0.00000   0.00000
Inun[2]    -0.269647  -0.04712   0.06044   0.18042   0.38311
Inun2[1]    0.000000   0.00000   0.00000   0.00000   0.00000
Inun2[2]    0.483821   0.74540   0.86990   1.00755   1.26194
deltaA[1]   0.054065   0.50597   1.13299   2.00169   4.74752
deltaA[2]   0.053007   0.53132   1.14986   2.11635   4.86769
deltaA[3]   0.020768   0.25540   0.60299   1.22562   3.22420
deltaA[4]   0.013517   0.16019   0.41125   0.84431   2.50503
deltaA[5]   0.015948   0.16504   0.38568   0.77426   2.11357
deviance  381.960218 385.52032 387.79327 390.72143 398.22968
sig         0.637841   0.68242   0.70542   0.73249   0.79031
tau         1.601066   1.86380   2.00958   2.14733   2.45796
wA[1]       0.011921   0.12579   0.26724   0.43013   0.70841
wA[2]       0.011787   0.13231   0.26977   0.43738   0.73926
wA[3]       0.005384   0.06139   0.13541   0.25533   0.54401
wA[4]       0.003393   0.03784   0.09689   0.17646   0.39413
wA[5]       0.003625   0.03933   0.09014   0.16468   0.35088

